trame  src    K tete            noeuds  clust   selV   selN   decl  stabX  pts_chg ARI(V,N)  bruitV  prof marche_pt marche_cl t_dendro   t_tete
l00 {"catalogue":1,"n":39885,"kmax":5,"balls":1306696,"t":4.107}
l00    core   2 eom mcs=5 z=1   178127   4912   1183   1169   1112   1112       58   0.9997    6308   103    499453     72953   0.0294  0.01208
l00    core   2 eom mcs=5 z=3   178127   4912   1881   1847   1112   1112      149   0.9885   10996   103    609601     90299   0.0294  0.01577
l00    core   2 eom mcs=10 z=1  178127   2425    624    611    378    378      111   0.9943    5778    69    345088     27389   0.0294  0.01481
l00    core   2 eom mcs=10 z=3  178127   2425    906    904    378    378       49   0.9992    9622    69    414481     32829   0.0294  0.01194
l00    core   2 eom mcs=20 z=1  178127   1211    331    329    156    156       34   0.9997    4804    48    239141     10805   0.0294  0.01086
l00    core   2 eom mcs=20 z=3  178127   1211    492    492    156    156        0   1.0000    9071    48    318007     14057   0.0294  0.01103
l00    core   2 eom mcs=50 z=1  178127    505    137    135     52     52      186   0.9979    3022    34    194743      3695   0.0294  0.02302
l00    core   2 eom mcs=50 z=3  178127    505    218    218     52     52        0   1.0000    7869    34    204036      4372   0.0294  0.04202
l00    core   2 eom mcs=200 z=1  178127    137     49     49     14     14        0   1.0000    3670    18    111588       690   0.0294  0.01085
l00    core   2 eom mcs=200 z=3  178127    137     61     61     14     14        0   1.0000    6751    18    115024       721   0.0294  0.01059
l00    core   2 leaf mcs=20 z=1  178127   1211    606    606    156    156        0   1.0000   13831    48    434322     16805   0.0294  0.03517
l00    cover  2 eom mcs=5 z=1   178127   6874   1838   1838      0      0        0   1.0000    4342   128    412816    122858   0.0274  0.01193
l00    cover  2 eom mcs=5 z=3   178127   6874   2703   2703      0      0        0   1.0000    6942   128    444878    145906   0.0274  0.01626
l00    cover  2 eom mcs=10 z=1  178127   3019    796    796      0      0        0   1.0000    4340    78    311049     38031   0.0274  0.01821
l00    cover  2 eom mcs=10 z=3  178127   3019   1177   1177      0      0        0   1.0000    7097    78    339212     45686   0.0274  0.02708
l00    cover  2 eom mcs=20 z=1  178127   1455    397    397      0      0        0   1.0000    4286    52    236706     13930   0.0274  0.01723
l00    cover  2 eom mcs=20 z=3  178127   1455    569    569      0      0        0   1.0000    6831    52    261908     17125   0.0274  0.07466
l00    cover  2 eom mcs=50 z=1  178127    575    147    147      0      0        0   1.0000    2689    36    208173      4394   0.0274  0.02700
l00    cover  2 eom mcs=50 z=3  178127    575    232    232      0      0        0   1.0000    6081    36    175676      4899   0.0274  0.02307
l00    cover  2 eom mcs=200 z=1  178127    145     49     49      0      0        0   1.0000    3557    20    125828       766   0.0274  0.02101
l00    cover  2 eom mcs=200 z=3  178127    145     64     64      0      0        0   1.0000    5753    20    106291       787   0.0274  0.00794
l00    cover  2 leaf mcs=20 z=1  178127   1455    728    728      0      0        0   1.0000   10877    52    358757     21136   0.0274  0.01048
l00    core   5 eom mcs=5 z=1   576371   2689    654    647   1086   1086       56   0.9997    6384    87    437298     33220   0.0385  0.10875
l00    core   5 eom mcs=5 z=3   576371   2689    949    935   1086   1086       97   0.9990   10650    87    562745     41057   0.0385  0.22672
l00    core   5 eom mcs=10 z=1  576371   1611    440    437    565    565        8   0.9999    6103    60    309815     16093   0.0385  0.07438
l00    core   5 eom mcs=10 z=3  576371   1611    575    574    565    565        3   1.0000    9055    60    366351     18777   0.0385  0.09220
l00    core   5 eom mcs=20 z=1  576371    911    263    263    279    279        0   1.0000    5080    44    216741      7379   0.0385  0.05775
l00    core   5 eom mcs=20 z=3  576371    911    357    357    279    279        0   1.0000    9103    44    298620      9133   0.0385  0.05109
l00    core   5 eom mcs=50 z=1  576371    411    118    118    101    101        0   1.0000    2785    34    181573      2874   0.0385  0.04190
l00    core   5 eom mcs=50 z=3  576371    411    168    168    101    101        0   1.0000    7641    34    194536      3186   0.0385  0.11821
l00    core   5 eom mcs=200 z=1  576371    125     47     47     24     24        0   1.0000    3763    20    118451       631   0.0385  0.09240
l00    core   5 eom mcs=200 z=3  576371    125     56     56     24     24        0   1.0000    6584    20    116112       656   0.0385  0.07930
l00    core   5 leaf mcs=20 z=1  576371    911    456    456    279    279        0   1.0000   16167    44    463381     11413   0.0385  0.07036
l00    cover  5 eom mcs=5 z=1   576371   7059   2224   2224      0      0        0   1.0000    5187   127    465638    148552   0.0339  0.09617
l00    cover  5 eom mcs=5 z=3   576371   7059   3413   3413      0      0        0   1.0000    8544   127    499616    177061   0.0339  0.06948
l00    cover  5 eom mcs=10 z=1  576371   3171    787    787      0      0        0   1.0000    3925    85    302274     39290   0.0339  0.05586
l00    cover  5 eom mcs=10 z=3  576371   3171   1172   1172      0      0        0   1.0000    6612    85    325030     46932   0.0339  0.05269
l00    cover  5 eom mcs=20 z=1  576371   1501    345    345      0      0        0   1.0000    3002    53    217813     12824   0.0339  0.17942
l00    cover  5 eom mcs=20 z=3  576371   1501    529    529      0      0        0   1.0000    6088    53    249014     16329   0.0339  0.04886
l00    cover  5 eom mcs=50 z=1  576371    577    154    154      0      0        0   1.0000    2868    35    151718      3752   0.0339  0.04399
l00    cover  5 eom mcs=50 z=3  576371    577    216    216      0      0        0   1.0000    5930    35    178581      4582   0.0339  0.06581
l00    cover  5 eom mcs=200 z=1  576371    141     48     48      0      0        0   1.0000    3401    21    132514       754   0.0339  0.04891
l00    cover  5 eom mcs=200 z=3  576371    141     66     66      0      0        0   1.0000    6037    21    111182       824   0.0339  0.03549
l00    cover  5 leaf mcs=20 z=1  576371   1501    751    751      0      0        0   1.0000   10414    53    325188     21037   0.0339  0.05242
l01 {"catalogue":1,"n":35551,"kmax":5,"balls":1095926,"t":6.584}
l01    core   2 eom mcs=5 z=1   156298   4489   1187    995   1034   1034     1686   0.5139    5888   144    424036     68404   0.0669  0.03035
l01    core   2 eom mcs=5 z=3   156298   4489   1685   1660   1034   1034      167   0.9950    9718   144    508336     78134   0.0669  0.07495
l01    core   2 eom mcs=10 z=1  156298   2149    467    464    318    318       24   0.9999    2978    91    304039     24186   0.0669  0.01386
l01    core   2 eom mcs=10 z=3  156298   2149    831    810    318    318      263   0.9626    8822    91    369922     28159   0.0669  0.01748
l01    core   2 eom mcs=20 z=1  156298   1069    273    273    119    119        0   1.0000    3005    57    205053      8906   0.0669  0.01280
l01    core   2 eom mcs=20 z=3  156298   1069    387    387    119    119        0   1.0000    6256    57    237234     10209   0.0669  0.16575
l01    core   2 eom mcs=50 z=1  156298    429    127    127     49     49        0   1.0000    2770    34    121761      2550   0.0669  0.02462
l01    core   2 eom mcs=50 z=3  156298    429    160    160     49     49        0   1.0000    5162    34    141049      2867   0.0669  0.03142
l01    core   2 eom mcs=200 z=1  156298    109     43     43     14     14        0   1.0000    4393    15     77451       425   0.0669  0.01577
l01    core   2 eom mcs=200 z=3  156298    109     51     51     14     14        0   1.0000    5714    15     84270       492   0.0669  0.01365
l01    core   2 leaf mcs=20 z=1  156298   1069    535    535    119    119        0   1.0000   13408    57    383869     12868   0.0669  0.03202
l01    cover  2 eom mcs=5 z=1   156298   6257   1572   1572      0      0        0   1.0000    3309   178    352680    109402   0.0114  0.01905
l01    cover  2 eom mcs=5 z=3   156298   6257   2390   2390      0      0        0   1.0000    5765   178    356391    125607   0.0114  0.04172
l01    cover  2 eom mcs=10 z=1  156298   2763    625    625      0      0        0   1.0000    2715   106    326132     35046   0.0114  0.05443
l01    cover  2 eom mcs=10 z=3  156298   2763   1026   1026      0      0        0   1.0000    6103   106    294309     38844   0.0114  0.03555
l01    cover  2 eom mcs=20 z=1  156298   1275    292    292      0      0        0   1.0000    2580    63    228425     11116   0.0114  0.06729
l01    cover  2 eom mcs=20 z=3  156298   1275    490    490      0      0        0   1.0000    6836    63    239017     13040   0.0114  0.01088
l01    cover  2 eom mcs=50 z=1  156298    473    129    129      0      0        0   1.0000    2502    40    140323      2919   0.0114  0.01300
l01    cover  2 eom mcs=50 z=3  156298    473    183    183      0      0        0   1.0000    6403    40    166505      3322   0.0114  0.08016
l01    cover  2 eom mcs=200 z=1  156298    113     45     45      0      0        0   1.0000    4422    16     78081       460   0.0114  0.01933
l01    cover  2 eom mcs=200 z=3  156298    113     51     51      0      0        0   1.0000    5428    16     82924       500   0.0114  0.01974
l01    cover  2 leaf mcs=20 z=1  156298   1275    638    638      0      0        0   1.0000   11057    63    333415     16272   0.0114  0.01242
l01    core   5 eom mcs=5 z=1   478265   2297    470    466    943    943       22   0.9998    2556   103    350527     27560   0.0824  0.04631
l01    core   5 eom mcs=5 z=3   478265   2297    771    759    943    943       75   0.9995    7989   103    390490     30370   0.0824  0.03199
l01    core   5 eom mcs=10 z=1  478265   1311    293    287    455    455       59   0.9979    2440    62    220471     11407   0.0824  0.06179
l01    core   5 eom mcs=10 z=3  478265   1311    448    447    455    455        2   1.0000    6225    62    254087     12964   0.0824  0.06092
l01    core   5 eom mcs=20 z=1  478265    749    200    199    255    255       26   0.9998    2263    45    160059      5449   0.0824  0.07284
l01    core   5 eom mcs=20 z=3  478265    749    271    271    255    255        0   1.0000    6053    45    198262      6082   0.0824  0.04247
l01    core   5 eom mcs=50 z=1  478265    345    114    114     97     97        0   1.0000    2773    30    103584      2034   0.0824  0.05391
l01    core   5 eom mcs=50 z=3  478265    345    135    135     97     97        0   1.0000    4381    30    112325      2241   0.0824  0.04765
l01    core   5 eom mcs=200 z=1  478265     95     44     44     13     13        0   1.0000    5142    13     76609       400   0.0824  0.03468
l01    core   5 eom mcs=200 z=3  478265     95     45     45     13     13        0   1.0000    5586    13     80047       407   0.0824  0.03517
l01    core   5 leaf mcs=20 z=1  478265    749    375    375    255    255        0   1.0000   16156    45    409392      7815   0.0824  0.05978
l01    cover  5 eom mcs=5 z=1   478265   6553   2034   2034      0      0        0   1.0000    4202   200    401855    146758   0.0303  0.09141
l01    cover  5 eom mcs=5 z=3   478265   6553   3206   3206      0      0        0   1.0000    7259   200    410479    171604   0.0303  0.03510
l01    cover  5 eom mcs=10 z=1  478265   2913    575    575      0      0        0   1.0000    2426   108    339618     37167   0.0303  0.03758
l01    cover  5 eom mcs=10 z=3  478265   2913   1014   1014      0      0        0   1.0000    6076   108    312919     41811   0.0303  0.06652
l01    cover  5 eom mcs=20 z=1  478265   1281    225    225      0      0        0   1.0000    1484    63    225757     10852   0.0303  0.45004
l01    cover  5 eom mcs=20 z=3  478265   1281    383    383      0      0        0   1.0000    4712    63    209167     11377   0.0303  0.03180
l01    cover  5 eom mcs=50 z=1  478265    481    127    127      0      0        0   1.0000    2419    34    127746      2810   0.0303  0.08489
l01    cover  5 eom mcs=50 z=3  478265    481    148    148      0      0        0   1.0000    3999    34    141923      2977   0.0303  0.12885
l01    cover  5 eom mcs=200 z=1  478265    105     44     44      0      0        0   1.0000    4745    16     78269       430   0.0303  0.15284
l01    cover  5 eom mcs=200 z=3  478265    105     45     45      0      0        0   1.0000    5100    16     80634       435   0.0303  0.11631
l01    cover  5 leaf mcs=20 z=1  478265   1281    641    641      0      0        0   1.0000   10639    63    330195     16760   0.0303  0.14191
l02 {"catalogue":1,"n":45845,"kmax":5,"balls":1407885,"t":6.918}
l02    core   2 eom mcs=5 z=1   207884   5676    838    828   1166   1166       26   1.0000    3578   122    852658    137242   0.1260  0.01796
l02    core   2 eom mcs=5 z=3   207884   5676   1853   1822   1166   1166      157   0.9977   12318   122    611062     96656   0.1260  0.01723
l02    core   2 eom mcs=10 z=1  207884   2576    327    327    358    358        0   1.0000    1993    84    571313     41079   0.1260  0.07529
l02    core   2 eom mcs=10 z=3  207884   2576    844    835    358    358       82   0.9997    9572    84    401770     33149   0.1260  0.06708
l02    core   2 eom mcs=20 z=1  207884   1291    202    201    159    159        2   1.0000    2355    71    456023     16263   0.1260  0.01578
l02    core   2 eom mcs=20 z=3  207884   1291    453    449    159    159       64   0.9986    9189    71    332973     14895   0.1260  0.01442
l02    core   2 eom mcs=50 z=1  207884    523    109    109     49     49        0   1.0000    2426    45    275975      4441   0.1260  0.01115
l02    core   2 eom mcs=50 z=3  207884    523    205    205     49     49        0   1.0000    8863    45    250574      4572   0.1260  0.01199
l02    core   2 eom mcs=200 z=1  207884    145     45     45     10     10        0   1.0000    3192    24    139754       740   0.1260  0.01002
l02    core   2 eom mcs=200 z=3  207884    145     46     46     10     10        0   1.0000    3239    24    137253       738   0.1260  0.02464
l02    core   2 leaf mcs=20 z=1  207884   1291    646    646    159    159        0   1.0000   17810    71    549068     20436   0.1260  0.02453
l02    cover  2 eom mcs=5 z=1   207884   8242   1440   1440      0      0        0   1.0000    2976   140    646044    162620   0.0140  0.02213
l02    cover  2 eom mcs=5 z=3   207884   8242   2877   2877      0      0        0   1.0000    7496   140    489437    169120   0.0140  0.01451
l02    cover  2 eom mcs=10 z=1  207884   3524    405    405      0      0        0   1.0000    1775    91    724273     65227   0.0140  0.06036
l02    cover  2 eom mcs=10 z=3  207884   3524   1157   1157      0      0        0   1.0000    7619    91    354239     47498   0.0140  0.07981
l02    cover  2 eom mcs=20 z=1  207884   1587    213    213      0      0        0   1.0000    1891    76    528899     20986   0.0140  0.01214
l02    cover  2 eom mcs=20 z=3  207884   1587    565    565      0      0        0   1.0000    7872    76    301977     18815   0.0140  0.01703
l02    cover  2 eom mcs=50 z=1  207884    645    111    111      0      0        0   1.0000    2070    46    322453      5398   0.0140  0.05818
l02    cover  2 eom mcs=50 z=3  207884    645    240    240      0      0        0   1.0000    7974    46    240922      5638   0.0140  0.02178
l02    cover  2 eom mcs=200 z=1  207884    157     45     45      0      0        0   1.0000    2907    24    149394       786   0.0140  0.11618
l02    cover  2 eom mcs=200 z=3  207884    157     51     51      0      0        0   1.0000    4242    24    158528       829   0.0140  0.02820
l02    cover  2 leaf mcs=20 z=1  207884   1587    794    794      0      0        0   1.0000   13897    76    467638     25949   0.0140  0.01805
l02    core   5 eom mcs=5 z=1   609376   2431    427    423    896    896       27   1.0000    3004    91    634057     31913   0.0798  0.14750
l02    core   5 eom mcs=5 z=3   609376   2431    655    649    896    896       68   1.0000    7582    91    692732     34766   0.0798  0.07553
l02    core   5 eom mcs=10 z=1  609376   1339    268    267    444    444        1   1.0000    2568    52    354907     11881   0.0798  0.16330
l02    core   5 eom mcs=10 z=3  609376   1339    396    391    444    444       72   0.9998    6599    52    380310     13028   0.0798  0.10120
l02    core   5 eom mcs=20 z=1  609376    751    165    164    229    229        5   1.0000    2240    44    255486      5442   0.0798  0.18719
l02    core   5 eom mcs=20 z=3  609376    751    235    227    229    229      366   0.9974    6136    44    270944      5814   0.0798  0.04598
l02    core   5 eom mcs=50 z=1  609376    369    104    104    106    106        0   1.0000    3049    37    191802      2282   0.0798  0.11702
l02    core   5 eom mcs=50 z=3  609376    369    135    135    106    106        0   1.0000    6622    37    213741      2513   0.0798  0.08569
l02    core   5 eom mcs=200 z=1  609376    121     43     43     23     23        0   1.0000    2670    22    107404       592   0.0798  0.06968
l02    core   5 eom mcs=200 z=3  609376    121     46     46     23     23        0   1.0000    3572    22    111388       615   0.0798  0.08740
l02    core   5 leaf mcs=20 z=1  609376    751    376    376    229    229        0   1.0000   24022    44    630802      8002   0.0798  0.03662
l02    cover  5 eom mcs=5 z=1   609376   8802   2884   2884      0      0        0   1.0000    5423   179    657406    293618   0.0435  0.13089
l02    cover  5 eom mcs=5 z=3   609376   8802   4329   4329      0      0        0   1.0000    9139   179    605314    320261   0.0435  0.06493
l02    cover  5 eom mcs=10 z=1  609376   3677    396    396      0      0        0   1.0000    1595   103    865072     81681   0.0435  0.06689
l02    cover  5 eom mcs=10 z=3  609376   3677   1238   1238      0      0        0   1.0000    8019   103    425809     59424   0.0435  0.11928
l02    cover  5 eom mcs=20 z=1  609376   1567    221    221      0      0        0   1.0000    1841    64    449680     17619   0.0435  0.09122
l02    cover  5 eom mcs=20 z=3  609376   1567    539    539      0      0        0   1.0000    8556    64    319627     17081   0.0435  0.18183
l02    cover  5 eom mcs=50 z=1  609376    613    110    110      0      0        0   1.0000    2001    44    272326      4680   0.0435  0.05589
l02    cover  5 eom mcs=50 z=3  609376    613    159    159      0      0        0   1.0000    4938    44    262124      4859   0.0435  0.07092
l02    cover  5 eom mcs=200 z=1  609376    147     43     43      0      0        0   1.0000    2342    26    137143       754   0.0435  0.07854
l02    cover  5 eom mcs=200 z=3  609376    147     46     46      0      0        0   1.0000    3038    26    138557       771   0.0435  0.08053
l02    cover  5 leaf mcs=20 z=1  609376   1567    784    784      0      0        0   1.0000   14798    64    446657     22796   0.0435  0.23555
