FULLCPP1 106
0 1 5 4 51
0 1 2 3 4
0 0 0 1 5 0
0
1
2
3
4
9 0 0 2 0 1
3 2 3 4
9 0 0 1 0 1
2 0 5
31 0 0 2 0 1
2 1 6
1 1
1 1
1 1
1 1
1 1
4 3
6 4
8 5
0 0 0 1 0
0 0 0 1 1
9 0 0 4 1
9 0 0 2 0
9 0 0 2 1
5 0 0 1 1
11 0 0 2 0
11 0 0 2 1
599 0 0 100 1
162 0 0 25 0
162 0 0 25 1
387 0 0 50 1
9 0 0 1 0
9 0 0 1 1
39 0 0 4 1
21 0 0 2 0
21 0 0 2 1
735 0 0 68 1
189 0 0 17 0
189 0 0 17 1
905 0 0 68 1
31 0 0 2 0
31 0 0 2 1
16 0 0 1 1
33 0 0 2 0
33 0 0 2 1
37 0 0 2 1
41 0 0 2 0
41 0 0 2 1
313855 0 0 14252 1
83886 0 0 3563 0
83886 0 0 3563 1
84699 0 0 3563 1
24 0 0 1 0
24 0 0 1 1
717 0 0 29 1
738 0 0 29 0
738 0 0 29 1
3013 0 0 116 1
53 0 0 2 0
53 0 0 2 1
11395 0 0 428 1
2862 0 0 107 0
2862 0 0 107 1
464333 0 0 17334 1
2173 0 0 81 0
2173 0 0 81 1
727 0 0 27 1
2189 0 0 81 0
2189 0 0 81 1
2270 0 0 81 1
1 1 5 4 51
0 1 2 3 4
0 0 0 3 5 0
0
1
2
3
4
72 0 0 16 0 1
3 2 3 4
117 0 0 13 0 1
2 0 5
155 0 0 10 0 1
2 1 6
1 1
1 1
1 1
1 1
1 1
4 3
6 4
8 5
0 0 0 20 0
0 0 0 27 1
306 0 0 136 1
198 0 0 44 0
261 0 0 58 1
85 0 0 17 1
264 0 0 48 0
341 0 0 62 1
11381 0 0 1900 1
4212 0 0 650 0
5346 0 0 825 1
8127 0 0 1050 1
252 0 0 28 0
315 0 0 35 1
897 0 0 92 1
630 0 0 60 0
378 0 0 36 1
18375 0 0 1700 1
6048 0 0 544 0
3780 0 0 340 1
24435 0 0 1836 1
1054 0 0 68 0
682 0 0 44 1
464 0 0 29 1
561 0 0 34 0
792 0 0 48 1
1147 0 0 62 1
779 0 0 38 0
1066 0 0 52 1
10357215 0 0 470316 1
1761606 0 0 74823 0
2348808 0 0 99764 1
2964465 0 0 124705 1
552 0 0 23 0
720 0 0 30 1
12906 0 0 522 1
18450 0 0 725 0
23616 0 0 928 1
60260 0 0 2320 1
1431 0 0 54 0
1802 0 0 68 1
250690 0 0 9416 1
82998 0 0 3103 0
48654 0 0 1819 1
11143992 0 0 416016 1
67363 0 0 2511 0
41287 0 0 1539 1
18902 0 0 702 1
72237 0 0 2673 0
45969 0 0 1701 1
63560 0 0 2268 1
2 2 5 9 51
0 1 2 3 4
9 0 0 2 2 0
2 3
3 4
11 0 0 2 1 0
2 4
162 0 0 25 0 1
3 0 1 2
9 0 0 1 1 0
0 3
21 0 0 2 1 0
0 4
189 0 0 17 0 1
3 3 4 5
31 0 0 2 1 0
1 2
41 0 0 2 1 0
0 1
83886 0 0 3563 0 1
3 6 7 8
1 2
1 2
1 2
4 6
1 2
1 2
7 10
1 2
1 2
10 14
0 0 0 1 0
0 0 0 1 1
9 0 0 4 1
9 0 0 2 0
9 0 0 2 1
5 0 0 1 1
11 0 0 2 0
11 0 0 2 1
599 0 0 100 1
162 0 0 25 0
162 0 0 25 1
387 0 0 50 1
9 0 0 1 0
9 0 0 1 1
39 0 0 4 1
21 0 0 2 0
21 0 0 2 1
735 0 0 68 1
189 0 0 17 0
189 0 0 17 1
905 0 0 68 1
31 0 0 2 0
31 0 0 2 1
16 0 0 1 1
33 0 0 2 0
33 0 0 2 1
37 0 0 2 1
41 0 0 2 0
41 0 0 2 1
313855 0 0 14252 1
83886 0 0 3563 0
83886 0 0 3563 1
84699 0 0 3563 1
24 0 0 1 0
24 0 0 1 1
717 0 0 29 1
738 0 0 29 0
738 0 0 29 1
3013 0 0 116 1
53 0 0 2 0
53 0 0 2 1
11395 0 0 428 1
2862 0 0 107 0
2862 0 0 107 1
464333 0 0 17334 1
2173 0 0 81 0
2173 0 0 81 1
727 0 0 27 1
2189 0 0 81 0
2189 0 0 81 1
2270 0 0 81 1
3 2 5 9 51
0 1 2 3 4
45 0 0 10 2 0
2 3
3 4
110 0 0 20 1 0
2 4
324 0 0 50 0 1
3 0 1 2
63 0 0 7 1 0
0 3
252 0 0 24 1 0
0 4
756 0 0 68 0 1
3 3 4 5
279 0 0 18 1 0
1 2
574 0 0 28 1 0
0 1
503316 0 0 21378 0 1
3 6 7 8
1 2
1 2
1 2
4 6
1 2
1 2
7 10
1 2
1 2
10 14
0 0 0 26 0
0 0 0 33 1
189 0 0 84 1
252 0 0 56 0
315 0 0 70 1
115 0 0 23 1
330 0 0 60 0
198 0 0 36 1
14975 0 0 2500 1
5184 0 0 800 0
3240 0 0 500 1
10449 0 0 1350 1
306 0 0 34 0
198 0 0 22 1
1131 0 0 116 1
357 0 0 34 0
504 0 0 48 1
22785 0 0 2108 1
3591 0 0 323 0
4914 0 0 442 1
29865 0 0 2244 1
651 0 0 42 0
868 0 0 56 1
560 0 0 35 1
759 0 0 46 0
990 0 0 60 1
666 0 0 36 1
1025 0 0 50 0
1312 0 0 64 1
6277100 0 0 285040 1
2264922 0 0 96201 0
2852124 0 0 121142 1
1863378 0 0 78386 1
696 0 0 29 0
408 0 0 17 1
17208 0 0 696 1
22878 0 0 899 0
14022 0 0 551 1
78338 0 0 3016 1
1749 0 0 66 0
1113 0 0 42 1
319060 0 0 11984 1
100170 0 0 3745 0
65826 0 0 2461 1
13929990 0 0 520020 1
39114 0 0 1458 0
54325 0 0 2025 1
23264 0 0 864 1
43780 0 0 1620 0
59103 0 0 2187 1
77180 0 0 2754 1
4 3 5 8 51
0 1 2 3 4
162 0 0 25 1 0
2 3 4
189 0 0 17 1 0
0 3 4
33 0 0 2 0 1
2 0 1
83886 0 0 3563 1 0
0 1 2
24 0 0 1 1 0
1 2 4
738 0 0 29 0 1
3 2 3 4
53 0 0 2 1 0
1 2 3
2862 0 0 107 0 1
2 5 6
1 3
1 3
3 6
1 3
1 3
6 12
1 3
8 15
0 0 0 1 0
0 0 0 1 1
9 0 0 4 1
9 0 0 2 0
9 0 0 2 1
5 0 0 1 1
11 0 0 2 0
11 0 0 2 1
599 0 0 100 1
162 0 0 25 0
162 0 0 25 1
387 0 0 50 1
9 0 0 1 0
9 0 0 1 1
39 0 0 4 1
21 0 0 2 0
21 0 0 2 1
735 0 0 68 1
189 0 0 17 0
189 0 0 17 1
905 0 0 68 1
31 0 0 2 0
31 0 0 2 1
16 0 0 1 1
33 0 0 2 0
33 0 0 2 1
37 0 0 2 1
41 0 0 2 0
41 0 0 2 1
313855 0 0 14252 1
83886 0 0 3563 0
83886 0 0 3563 1
84699 0 0 3563 1
24 0 0 1 0
24 0 0 1 1
717 0 0 29 1
738 0 0 29 0
738 0 0 29 1
3013 0 0 116 1
53 0 0 2 0
53 0 0 2 1
11395 0 0 428 1
2862 0 0 107 0
2862 0 0 107 1
464333 0 0 17334 1
2173 0 0 81 0
2173 0 0 81 1
727 0 0 27 1
2189 0 0 81 0
2189 0 0 81 1
2270 0 0 81 1
5 3 5 8 51
0 1 2 3 4
1134 0 0 175 1 0
2 3 4
2268 0 0 204 1 0
0 3 4
132 0 0 8 0 1
2 0 1
754974 0 0 32067 1 0
0 1 2
336 0 0 14 1 0
1 2 4
4428 0 0 174 0 1
3 2 3 4
583 0 0 22 1 0
1 2 3
8586 0 0 321 0 1
2 5 6
1 3
1 3
3 6
1 3
1 3
6 12
1 3
8 15
0 0 0 32 0
0 0 0 20 1
243 0 0 108 1
306 0 0 68 0
198 0 0 44 1
145 0 0 29 1
187 0 0 34 0
264 0 0 48 1
18569 0 0 3100 1
3078 0 0 475 0
4212 0 0 650 1
12771 0 0 1650 1
189 0 0 21 0
252 0 0 28 1
1365 0 0 140 1
483 0 0 46 0
630 0 0 60 1
13230 0 0 1224 1
4725 0 0 425 0
6048 0 0 544 1
18100 0 0 1360 1
837 0 0 54 0
1054 0 0 68 1
352 0 0 22 1
957 0 0 58 0
561 0 0 34 1
888 0 0 48 1
1271 0 0 62 0
779 0 0 38 1
8160230 0 0 370552 1
2768238 0 0 117579 0
1761606 0 0 74823 1
2371572 0 0 99764 1
840 0 0 35 0
552 0 0 23 1
21510 0 0 870 1
13284 0 0 522 0
18450 0 0 725 1
96416 0 0 3712 1
1060 0 0 40 0
1431 0 0 54 1
387430 0 0 14552 1
62964 0 0 2354 0
82998 0 0 3103 1
7893661 0 0 294678 1
52152 0 0 1944 0
67363 0 0 2511 1
13813 0 0 513 1
56914 0 0 2106 0
72237 0 0 2673 1
47670 0 0 1701 1
6 4 5 5 51
0 1 2 3 4
33 0 0 2 1 0
0 2 3 4
738 0 0 29 1 0
0 1 2 4
2862 0 0 107 1 0
1 2 3 4
2173 0 0 81 1 0
0 1 2 3
2189 0 0 81 0 1
4 0 1 2 3
1 4
1 4
1 4
1 4
5 16
0 0 0 1 0
0 0 0 1 1
9 0 0 4 1
9 0 0 2 0
9 0 0 2 1
5 0 0 1 1
11 0 0 2 0
11 0 0 2 1
599 0 0 100 1
162 0 0 25 0
162 0 0 25 1
387 0 0 50 1
9 0 0 1 0
9 0 0 1 1
39 0 0 4 1
21 0 0 2 0
21 0 0 2 1
735 0 0 68 1
189 0 0 17 0
189 0 0 17 1
905 0 0 68 1
31 0 0 2 0
31 0 0 2 1
16 0 0 1 1
33 0 0 2 0
33 0 0 2 1
37 0 0 2 1
41 0 0 2 0
41 0 0 2 1
313855 0 0 14252 1
83886 0 0 3563 0
83886 0 0 3563 1
84699 0 0 3563 1
24 0 0 1 0
24 0 0 1 1
717 0 0 29 1
738 0 0 29 0
738 0 0 29 1
3013 0 0 116 1
53 0 0 2 0
53 0 0 2 1
11395 0 0 428 1
2862 0 0 107 0
2862 0 0 107 1
464333 0 0 17334 1
2173 0 0 81 0
2173 0 0 81 1
727 0 0 27 1
2189 0 0 81 0
2189 0 0 81 1
2270 0 0 81 1
7 4 5 5 51
0 1 2 3 4
297 0 0 18 1 0
0 2 3 4
10332 0 0 406 1 0
0 1 2 4
17172 0 0 642 1 0
1 2 3 4
23903 0 0 891 1 0
0 1 2 3
6567 0 0 243 0 1
4 0 1 2 3
1 4
1 4
1 4
1 4
5 16
0 0 0 19 0
0 0 0 26 1
297 0 0 132 1
189 0 0 42 0
252 0 0 56 1
175 0 0 35 1
253 0 0 46 0
330 0 0 60 1
10782 0 0 1800 1
4050 0 0 625 0
5184 0 0 800 1
7740 0 0 1000 1
243 0 0 27 0
306 0 0 34 1
858 0 0 88 1
609 0 0 58 0
357 0 0 34 1
17640 0 0 1632 1
5859 0 0 527 0
3591 0 0 323 1
23530 0 0 1768 1
1023 0 0 66 0
651 0 0 42 1
448 0 0 28 1
1155 0 0 70 0
759 0 0 46 1
1110 0 0 60 1
738 0 0 36 0
1025 0 0 50 1
10043360 0 0 456064 1
1677720 0 0 71260 0
2264922 0 0 96201 1
2879766 0 0 121142 1
528 0 0 22 0
696 0 0 29 1
12189 0 0 493 1
17712 0 0 696 0
22878 0 0 899 1
57247 0 0 2204 1
1378 0 0 52 0
1749 0 0 66 1
239295 0 0 8988 1
80136 0 0 2996 0
100170 0 0 3745 1
10679659 0 0 398682 1
65190 0 0 2430 0
39114 0 0 1458 1
18175 0 0 675 1
70048 0 0 2592 0
43780 0 0 1620 1
61290 0 0 2187 1
8 5 5 1 51
0 1 2 3 4
2189 0 0 81 1 0
0 1 2 3 4
1 5
0 0 0 1 0
0 0 0 1 1
9 0 0 4 1
9 0 0 2 0
9 0 0 2 1
5 0 0 1 1
11 0 0 2 0
11 0 0 2 1
599 0 0 100 1
162 0 0 25 0
162 0 0 25 1
387 0 0 50 1
9 0 0 1 0
9 0 0 1 1
39 0 0 4 1
21 0 0 2 0
21 0 0 2 1
735 0 0 68 1
189 0 0 17 0
189 0 0 17 1
905 0 0 68 1
31 0 0 2 0
31 0 0 2 1
16 0 0 1 1
33 0 0 2 0
33 0 0 2 1
37 0 0 2 1
41 0 0 2 0
41 0 0 2 1
313855 0 0 14252 1
83886 0 0 3563 0
83886 0 0 3563 1
84699 0 0 3563 1
24 0 0 1 0
24 0 0 1 1
717 0 0 29 1
738 0 0 29 0
738 0 0 29 1
3013 0 0 116 1
53 0 0 2 0
53 0 0 2 1
11395 0 0 428 1
2862 0 0 107 0
2862 0 0 107 1
464333 0 0 17334 1
2173 0 0 81 0
2173 0 0 81 1
727 0 0 27 1
2189 0 0 81 0
2189 0 0 81 1
2270 0 0 81 1
9 5 5 1 51
0 1 2 3 4
24079 0 0 891 1 0
0 1 2 3 4
1 5
0 0 0 25 0
0 0 0 32 1
180 0 0 80 1
243 0 0 54 0
306 0 0 68 1
110 0 0 22 1
319 0 0 58 0
187 0 0 34 1
14376 0 0 2400 1
5022 0 0 775 0
3078 0 0 475 1
10062 0 0 1300 1
297 0 0 33 0
189 0 0 21 1
1092 0 0 112 1
735 0 0 70 0
483 0 0 46 1
22050 0 0 2040 1
3402 0 0 306 0
4725 0 0 425 1
28960 0 0 2176 1
620 0 0 40 0
837 0 0 54 1
544 0 0 34 1
726 0 0 44 0
957 0 0 58 1
629 0 0 34 1
984 0 0 48 0
1271 0 0 62 1
5963245 0 0 270788 1
2181036 0 0 92638 0
2768238 0 0 117579 1
1778679 0 0 74823 1
672 0 0 28 0
840 0 0 35 1
16491 0 0 667 1
22140 0 0 870 0
13284 0 0 522 1
75325 0 0 2900 1
1696 0 0 64 0
1060 0 0 40 1
307665 0 0 11556 1
97308 0 0 3638 0
62964 0 0 2354 1
13465657 0 0 502686 1
36941 0 0 1377 0
52152 0 0 1944 1
22537 0 0 837 1
41591 0 0 1539 0
56914 0 0 2106 1
74910 0 0 2673 1
10 1 5 4 51
0 1 2 3 4
0 0 0 1 5 0
0
1
2
3
4
9 0 0 2 0 1
3 0 1 2
9 0 0 1 0 1
2 4 5
31 0 0 2 0 1
2 3 6
1 1
1 1
1 1
1 1
1 1
4 3
6 4
8 5
0 0 0 1 0
0 0 0 1 1
9 0 0 4 1
9 0 0 2 0
9 0 0 2 1
5 0 0 1 1
11 0 0 2 0
11 0 0 2 1
599 0 0 100 1
162 0 0 25 0
162 0 0 25 1
387 0 0 50 1
9 0 0 1 0
9 0 0 1 1
39 0 0 4 1
21 0 0 2 0
21 0 0 2 1
735 0 0 68 1
189 0 0 17 0
189 0 0 17 1
905 0 0 68 1
31 0 0 2 0
31 0 0 2 1
16 0 0 1 1
33 0 0 2 0
33 0 0 2 1
37 0 0 2 1
41 0 0 2 0
41 0 0 2 1
313855 0 0 14252 1
83886 0 0 3563 0
83886 0 0 3563 1
84699 0 0 3563 1
24 0 0 1 0
24 0 0 1 1
717 0 0 29 1
738 0 0 29 0
738 0 0 29 1
3013 0 0 116 1
53 0 0 2 0
53 0 0 2 1
11395 0 0 428 1
2862 0 0 107 0
2862 0 0 107 1
464333 0 0 17334 1
2173 0 0 81 0
2173 0 0 81 1
727 0 0 27 1
2189 0 0 81 0
2189 0 0 81 1
2270 0 0 81 1
11 1 5 4 51
0 1 2 3 4
0 0 0 13 5 0
0
1
2
3
4
45 0 0 10 0 1
3 0 1 2
90 0 0 10 0 1
2 4 5
62 0 0 4 0 1
2 3 6
1 1
1 1
1 1
1 1
1 1
4 3
6 4
8 5
0 0 0 31 0
0 0 0 19 1
234 0 0 104 1
297 0 0 66 0
189 0 0 42 1
140 0 0 28 1
385 0 0 70 0
253 0 0 46 1
17970 0 0 3000 1
2916 0 0 450 0
4050 0 0 625 1
12384 0 0 1600 1
180 0 0 20 0
243 0 0 27 1
1326 0 0 136 1
462 0 0 44 0
609 0 0 58 1
12495 0 0 1156 1
4536 0 0 408 0
5859 0 0 527 1
17195 0 0 1292 1
806 0 0 52 0
1023 0 0 66 1
336 0 0 21 1
924 0 0 56 0
1155 0 0 70 1
851 0 0 46 1
1230 0 0 60 0
738 0 0 36 1
7846375 0 0 356300 1
2684352 0 0 114016 0
1677720 0 0 71260 1
2286873 0 0 96201 1
816 0 0 34 0
528 0 0 22 1
20793 0 0 841 1
12546 0 0 493 0
17712 0 0 696 1
93403 0 0 3596 1
1007 0 0 38 0
1378 0 0 52 1
376035 0 0 14124 1
60102 0 0 2247 0
80136 0 0 2996 1
16251655 0 0 606690 1
49979 0 0 1863 0
65190 0 0 2430 1
13086 0 0 486 1
54725 0 0 2025 0
70048 0 0 2592 1
45400 0 0 1620 1
12 2 5 9 51
0 1 2 3 4
9 0 0 2 2 0
0 1
1 2
11 0 0 2 1 0
0 2
162 0 0 25 0 1
3 0 1 2
9 0 0 1 1 0
1 4
21 0 0 2 1 0
0 4
189 0 0 17 0 1
3 3 4 5
31 0 0 2 1 0
2 3
41 0 0 2 1 0
3 4
83886 0 0 3563 0 1
3 6 7 8
1 2
1 2
1 2
4 6
1 2
1 2
7 10
1 2
1 2
10 14
0 0 0 1 0
0 0 0 1 1
9 0 0 4 1
9 0 0 2 0
9 0 0 2 1
5 0 0 1 1
11 0 0 2 0
11 0 0 2 1
599 0 0 100 1
162 0 0 25 0
162 0 0 25 1
387 0 0 50 1
9 0 0 1 0
9 0 0 1 1
39 0 0 4 1
21 0 0 2 0
21 0 0 2 1
735 0 0 68 1
189 0 0 17 0
189 0 0 17 1
905 0 0 68 1
31 0 0 2 0
31 0 0 2 1
16 0 0 1 1
33 0 0 2 0
33 0 0 2 1
37 0 0 2 1
41 0 0 2 0
41 0 0 2 1
313855 0 0 14252 1
83886 0 0 3563 0
83886 0 0 3563 1
84699 0 0 3563 1
24 0 0 1 0
24 0 0 1 1
717 0 0 29 1
738 0 0 29 0
738 0 0 29 1
3013 0 0 116 1
53 0 0 2 0
53 0 0 2 1
11395 0 0 428 1
2862 0 0 107 0
2862 0 0 107 1
464333 0 0 17334 1
2173 0 0 81 0
2173 0 0 81 1
727 0 0 27 1
2189 0 0 81 0
2189 0 0 81 1
2270 0 0 81 1
13 2 5 9 51
0 1 2 3 4
18 0 0 4 2 0
0 1
1 2
77 0 0 14 1 0
0 2
1944 0 0 300 0 1
3 0 1 2
36 0 0 4 1 0
1 4
189 0 0 18 1 0
0 4
2646 0 0 238 0 1
3 3 4 5
186 0 0 12 1 0
2 3
451 0 0 22 1 0
3 4
251658 0 0 10689 0 1
3 6 7 8
1 2
1 2
1 2
4 6
1 2
1 2
7 10
1 2
1 2
10 14
0 0 0 18 0
0 0 0 25 1
288 0 0 128 1
180 0 0 40 0
243 0 0 54 1
170 0 0 34 1
242 0 0 44 0
319 0 0 58 1
10183 0 0 1700 1
3888 0 0 600 0
5022 0 0 775 1
7353 0 0 950 1
234 0 0 26 0
297 0 0 33 1
819 0 0 84 1
588 0 0 56 0
735 0 0 70 1
16905 0 0 1564 1
5670 0 0 510 0
3402 0 0 306 1
22625 0 0 1700 1
992 0 0 64 0
620 0 0 40 1
432 0 0 27 1
1122 0 0 68 0
726 0 0 44 1
1073 0 0 58 1
697 0 0 34 0
984 0 0 48 1
9729505 0 0 441812 1
1593834 0 0 67697 0
2181036 0 0 92638 1
2795067 0 0 117579 1
504 0 0 21 0
672 0 0 28 1
25095 0 0 1015 1
16974 0 0 667 0
22140 0 0 870 1
54234 0 0 2088 1
1325 0 0 50 0
1696 0 0 64 1
227900 0 0 8560 1
77274 0 0 2889 0
97308 0 0 3638 1
10215326 0 0 381348 1
63017 0 0 2349 0
36941 0 0 1377 1
17448 0 0 648 1
67859 0 0 2511 0
41591 0 0 1539 1
59020 0 0 2106 1
14 3 5 8 51
0 1 2 3 4
162 0 0 25 1 0
0 1 2
189 0 0 17 1 0
0 1 4
33 0 0 2 0 1
2 0 1
83886 0 0 3563 1 0
2 3 4
24 0 0 1 1 0
0 2 3
738 0 0 29 0 1
3 2 3 4
53 0 0 2 1 0
1 2 3
2862 0 0 107 0 1
2 5 6
1 3
1 3
3 6
1 3
1 3
6 12
1 3
8 15
0 0 0 1 0
0 0 0 1 1
9 0 0 4 1
9 0 0 2 0
9 0 0 2 1
5 0 0 1 1
11 0 0 2 0
11 0 0 2 1
599 0 0 100 1
162 0 0 25 0
162 0 0 25 1
387 0 0 50 1
9 0 0 1 0
9 0 0 1 1
39 0 0 4 1
21 0 0 2 0
21 0 0 2 1
735 0 0 68 1
189 0 0 17 0
189 0 0 17 1
905 0 0 68 1
31 0 0 2 0
31 0 0 2 1
16 0 0 1 1
33 0 0 2 0
33 0 0 2 1
37 0 0 2 1
41 0 0 2 0
41 0 0 2 1
313855 0 0 14252 1
83886 0 0 3563 0
83886 0 0 3563 1
84699 0 0 3563 1
24 0 0 1 0
24 0 0 1 1
717 0 0 29 1
738 0 0 29 0
738 0 0 29 1
3013 0 0 116 1
53 0 0 2 0
53 0 0 2 1
11395 0 0 428 1
2862 0 0 107 0
2862 0 0 107 1
464333 0 0 17334 1
2173 0 0 81 0
2173 0 0 81 1
727 0 0 27 1
2189 0 0 81 0
2189 0 0 81 1
2270 0 0 81 1
15 3 5 8 51
0 1 2 3 4
648 0 0 100 1 0
0 1 2
1701 0 0 153 1 0
0 1 4
462 0 0 28 0 1
2 0 1
503316 0 0 21378 1 0
2 3 4
264 0 0 11 1 0
0 2 3
2214 0 0 87 0 1
3 2 3 4
424 0 0 16 1 0
1 2 3
37206 0 0 1391 0 1
2 5 6
1 3
1 3
3 6
1 3
1 3
6 12
1 3
8 15
0 0 0 24 0
0 0 0 31 1
171 0 0 76 1
234 0 0 52 0
297 0 0 66 1
105 0 0 21 1
308 0 0 56 0
385 0 0 70 1
13777 0 0 2300 1
4860 0 0 750 0
2916 0 0 450 1
9675 0 0 1250 1
288 0 0 32 0
180 0 0 20 1
1053 0 0 108 1
714 0 0 68 0
462 0 0 44 1
21315 0 0 1972 1
3213 0 0 289 0
4536 0 0 408 1
28055 0 0 2108 1
589 0 0 38 0
806 0 0 52 1
528 0 0 33 1
693 0 0 42 0
924 0 0 56 1
1295 0 0 70 1
943 0 0 46 0
1230 0 0 60 1
5649390 0 0 256536 1
2097150 0 0 89075 0
2684352 0 0 114016 1
1693980 0 0 71260 1
648 0 0 27 0
816 0 0 34 1
15774 0 0 638 1
21402 0 0 841 0
12546 0 0 493 1
72312 0 0 2784 1
1643 0 0 62 0
1007 0 0 38 1
296270 0 0 11128 1
94446 0 0 3531 0
60102 0 0 2247 1
13001324 0 0 485352 1
76055 0 0 2835 0
49979 0 0 1863 1
21810 0 0 810 1
39402 0 0 1458 0
54725 0 0 2025 1
72640 0 0 2592 1
16 4 5 5 51
0 1 2 3 4
33 0 0 2 1 0
0 1 2 4
738 0 0 29 1 0
0 2 3 4
2862 0 0 107 1 0
0 1 2 3
2173 0 0 81 1 0
1 2 3 4
2189 0 0 81 0 1
4 0 1 2 3
1 4
1 4
1 4
1 4
5 16
0 0 0 1 0
0 0 0 1 1
9 0 0 4 1
9 0 0 2 0
9 0 0 2 1
5 0 0 1 1
11 0 0 2 0
11 0 0 2 1
599 0 0 100 1
162 0 0 25 0
162 0 0 25 1
387 0 0 50 1
9 0 0 1 0
9 0 0 1 1
39 0 0 4 1
21 0 0 2 0
21 0 0 2 1
735 0 0 68 1
189 0 0 17 0
189 0 0 17 1
905 0 0 68 1
31 0 0 2 0
31 0 0 2 1
16 0 0 1 1
33 0 0 2 0
33 0 0 2 1
37 0 0 2 1
41 0 0 2 0
41 0 0 2 1
313855 0 0 14252 1
83886 0 0 3563 0
83886 0 0 3563 1
84699 0 0 3563 1
24 0 0 1 0
24 0 0 1 1
717 0 0 29 1
738 0 0 29 0
738 0 0 29 1
3013 0 0 116 1
53 0 0 2 0
53 0 0 2 1
11395 0 0 428 1
2862 0 0 107 0
2862 0 0 107 1
464333 0 0 17334 1
2173 0 0 81 0
2173 0 0 81 1
727 0 0 27 1
2189 0 0 81 0
2189 0 0 81 1
2270 0 0 81 1
17 4 5 5 51
0 1 2 3 4
198 0 0 12 1 0
0 1 2 4
8118 0 0 319 1 0
0 2 3 4
8586 0 0 321 1 0
0 1 2 3
17384 0 0 648 1 0
1 2 3 4
28457 0 0 1053 0 1
4 0 1 2 3
1 4
1 4
1 4
1 4
5 16
0 0 0 30 0
0 0 0 18 1
225 0 0 100 1
288 0 0 64 0
180 0 0 40 1
135 0 0 27 1
374 0 0 68 0
242 0 0 44 1
17371 0 0 2900 1
2754 0 0 425 0
3888 0 0 600 1
11997 0 0 1550 1
171 0 0 19 0
234 0 0 26 1
1287 0 0 132 1
441 0 0 42 0
588 0 0 56 1
25725 0 0 2380 1
4347 0 0 391 0
5670 0 0 510 1
16290 0 0 1224 1
775 0 0 50 0
992 0 0 64 1
320 0 0 20 1
891 0 0 54 0
1122 0 0 68 1
814 0 0 44 1
1189 0 0 58 0
697 0 0 34 1
7532520 0 0 342048 1
2600466 0 0 110453 0
1593834 0 0 67697 1
2202174 0 0 92638 1
792 0 0 33 0
504 0 0 21 1
20076 0 0 812 1
25830 0 0 1015 0
16974 0 0 667 1
90390 0 0 3480 1
954 0 0 36 0
1325 0 0 50 1
364640 0 0 13696 1
57240 0 0 2140 0
77274 0 0 2889 1
15787322 0 0 589356 1
47806 0 0 1782 0
63017 0 0 2349 1
12359 0 0 459 1
52536 0 0 1944 0
67859 0 0 2511 1
43130 0 0 1539 1
18 5 5 1 51
0 1 2 3 4
2189 0 0 81 1 0
0 1 2 3 4
1 5
0 0 0 1 0
0 0 0 1 1
9 0 0 4 1
9 0 0 2 0
9 0 0 2 1
5 0 0 1 1
11 0 0 2 0
11 0 0 2 1
599 0 0 100 1
162 0 0 25 0
162 0 0 25 1
387 0 0 50 1
9 0 0 1 0
9 0 0 1 1
39 0 0 4 1
21 0 0 2 0
21 0 0 2 1
735 0 0 68 1
189 0 0 17 0
189 0 0 17 1
905 0 0 68 1
31 0 0 2 0
31 0 0 2 1
16 0 0 1 1
33 0 0 2 0
33 0 0 2 1
37 0 0 2 1
41 0 0 2 0
41 0 0 2 1
313855 0 0 14252 1
83886 0 0 3563 0
83886 0 0 3563 1
84699 0 0 3563 1
24 0 0 1 0
24 0 0 1 1
717 0 0 29 1
738 0 0 29 0
738 0 0 29 1
3013 0 0 116 1
53 0 0 2 0
53 0 0 2 1
11395 0 0 428 1
2862 0 0 107 0
2862 0 0 107 1
464333 0 0 17334 1
2173 0 0 81 0
2173 0 0 81 1
727 0 0 27 1
2189 0 0 81 0
2189 0 0 81 1
2270 0 0 81 1
19 5 5 1 51
0 1 2 3 4
17512 0 0 648 1 0
0 1 2 3 4
1 5
0 0 0 17 0
0 0 0 24 1
279 0 0 124 1
171 0 0 38 0
234 0 0 52 1
165 0 0 33 1
231 0 0 42 0
308 0 0 56 1
20965 0 0 3500 1
3726 0 0 575 0
4860 0 0 750 1
6966 0 0 900 1
225 0 0 25 0
288 0 0 32 1
780 0 0 80 1
567 0 0 54 0
714 0 0 68 1
16170 0 0 1496 1
5481 0 0 493 0
3213 0 0 289 1
21720 0 0 1632 1
961 0 0 62 0
589 0 0 38 1
416 0 0 26 1
1089 0 0 66 0
693 0 0 42 1
1036 0 0 56 1
1435 0 0 70 0
943 0 0 46 1
9415650 0 0 427560 1
1509948 0 0 64134 0
2097150 0 0 89075 1
2710368 0 0 114016 1
480 0 0 20 0
648 0 0 27 1
24378 0 0 986 1
16236 0 0 638 0
21402 0 0 841 1
51221 0 0 1972 1
1272 0 0 48 0
1643 0 0 62 1
216505 0 0 8132 1
74412 0 0 2782 0
94446 0 0 3531 1
9750993 0 0 364014 1
60844 0 0 2268 0
76055 0 0 2835 1
16721 0 0 621 1
65670 0 0 2430 0
39402 0 0 1458 1
56750 0 0 2025 1
20 1 4 3 24
0 1 2 3
0 0 0 1 4 0
0
1
2
3
9 0 0 2 0 1
3 1 2 3
9 0 0 1 0 1
2 0 4
1 1
1 1
1 1
1 1
4 3
6 4
0 0 0 1 0
0 0 0 1 1
9 0 0 4 1
9 0 0 2 0
9 0 0 2 1
5 0 0 1 1
11 0 0 2 0
11 0 0 2 1
599 0 0 100 1
162 0 0 25 0
162 0 0 25 1
387 0 0 50 1
9 0 0 1 0
9 0 0 1 1
39 0 0 4 1
21 0 0 2 0
21 0 0 2 1
735 0 0 68 1
189 0 0 17 0
189 0 0 17 1
939 0 0 68 1
33 0 0 2 0
33 0 0 2 1
35 0 0 2 1
21 1 4 3 24
0 1 2 3
0 0 0 10 4 0
0
1
2
3
18 0 0 4 0 1
3 1 2 3
63 0 0 7 0 1
2 0 4
1 1
1 1
1 1
1 1
4 3
6 4
0 0 0 23 0
0 0 0 30 1
162 0 0 72 1
225 0 0 50 0
288 0 0 64 1
100 0 0 20 1
297 0 0 54 0
374 0 0 68 1
13178 0 0 2200 1
4698 0 0 725 0
2754 0 0 425 1
9288 0 0 1200 1
279 0 0 31 0
171 0 0 19 1
1014 0 0 104 1
693 0 0 66 0
441 0 0 42 1
20580 0 0 1904 1
6615 0 0 595 0
4347 0 0 391 1
28170 0 0 2040 1
594 0 0 36 0
825 0 0 50 1
1120 0 0 64 1
22 2 4 6 24
0 1 2 3
9 0 0 2 2 0
1 2
2 3
11 0 0 2 1 0
1 3
162 0 0 25 0 1
3 0 1 2
9 0 0 1 1 0
0 2
21 0 0 2 1 0
0 3
189 0 0 17 0 1
3 3 4 5
1 2
1 2
1 2
4 6
1 2
1 2
7 10
0 0 0 1 0
0 0 0 1 1
9 0 0 4 1
9 0 0 2 0
9 0 0 2 1
5 0 0 1 1
11 0 0 2 0
11 0 0 2 1
599 0 0 100 1
162 0 0 25 0
162 0 0 25 1
387 0 0 50 1
9 0 0 1 0
9 0 0 1 1
39 0 0 4 1
21 0 0 2 0
21 0 0 2 1
735 0 0 68 1
189 0 0 17 0
189 0 0 17 1
939 0 0 68 1
33 0 0 2 0
33 0 0 2 1
35 0 0 2 1
23 2 4 6 24
0 1 2 3
108 0 0 24 2 0
1 2
2 3
44 0 0 8 1 0
1 3
1458 0 0 225 0 1
3 0 1 2
126 0 0 14 1 0
0 2
126 0 0 12 1 0
0 3
2079 0 0 187 0 1
3 3 4 5
1 2
1 2
1 2
4 6
1 2
1 2
7 10
0 0 0 29 0
0 0 0 17 1
216 0 0 96 1
279 0 0 62 0
171 0 0 38 1
130 0 0 26 1
363 0 0 66 0
231 0 0 42 1
16772 0 0 2800 1
5670 0 0 875 0
3726 0 0 575 1
11610 0 0 1500 1
162 0 0 18 0
225 0 0 25 1
1248 0 0 128 1
420 0 0 40 0
567 0 0 54 1
24990 0 0 2312 1
4158 0 0 374 0
5481 0 0 493 1
15963 0 0 1156 1
792 0 0 48 0
1023 0 0 62 1
665 0 0 38 1
24 3 4 3 24
0 1 2 3
162 0 0 25 1 0
1 2 3
189 0 0 17 1 0
0 2 3
33 0 0 2 0 1
2 0 1
1 3
1 3
3 6
0 0 0 1 0
0 0 0 1 1
9 0 0 4 1
9 0 0 2 0
9 0 0 2 1
5 0 0 1 1
11 0 0 2 0
11 0 0 2 1
599 0 0 100 1
162 0 0 25 0
162 0 0 25 1
387 0 0 50 1
9 0 0 1 0
9 0 0 1 1
39 0 0 4 1
21 0 0 2 0
21 0 0 2 1
735 0 0 68 1
189 0 0 17 0
189 0 0 17 1
939 0 0 68 1
33 0 0 2 0
33 0 0 2 1
35 0 0 2 1
25 3 4 3 24
0 1 2 3
2268 0 0 350 1 0
1 2 3
1134 0 0 102 1 0
0 2 3
363 0 0 22 0 1
2 0 1
1 3
1 3
3 6
0 0 0 35 0
0 0 0 23 1
270 0 0 120 1
162 0 0 36 0
225 0 0 50 1
160 0 0 32 1
220 0 0 40 0
297 0 0 54 1
20366 0 0 3400 1
3564 0 0 550 0
4698 0 0 725 1
6579 0 0 850 1
216 0 0 24 0
279 0 0 31 1
741 0 0 76 1
546 0 0 52 0
693 0 0 66 1
15435 0 0 1428 1
5292 0 0 476 0
6615 0 0 595 1
21597 0 0 1564 1
990 0 0 60 0
594 0 0 36 1
875 0 0 50 1
26 4 4 1 24
0 1 2 3
33 0 0 2 1 0
0 1 2 3
1 4
0 0 0 1 0
0 0 0 1 1
9 0 0 4 1
9 0 0 2 0
9 0 0 2 1
5 0 0 1 1
11 0 0 2 0
11 0 0 2 1
599 0 0 100 1
162 0 0 25 0
162 0 0 25 1
387 0 0 50 1
9 0 0 1 0
9 0 0 1 1
39 0 0 4 1
21 0 0 2 0
21 0 0 2 1
735 0 0 68 1
189 0 0 17 0
189 0 0 17 1
939 0 0 68 1
33 0 0 2 0
33 0 0 2 1
35 0 0 2 1
27 4 4 1 24
0 1 2 3
99 0 0 6 1 0
0 1 2 3
1 4
0 0 0 22 0
0 0 0 29 1
153 0 0 68 1
216 0 0 48 0
279 0 0 62 1
95 0 0 19 1
286 0 0 52 0
363 0 0 66 1
12579 0 0 2100 1
4536 0 0 700 0
5670 0 0 875 1
8901 0 0 1150 1
270 0 0 30 0
162 0 0 18 1
975 0 0 100 1
672 0 0 64 0
420 0 0 40 1
19845 0 0 1836 1
6426 0 0 578 0
4158 0 0 374 1
27231 0 0 1972 1
561 0 0 34 0
792 0 0 48 1
1085 0 0 62 1
28 1 4 3 24
0 1 2 3
0 0 0 1 4 0
0
1
2
3
9 0 0 2 0 1
3 0 1 2
9 0 0 1 0 1
2 3 4
1 1
1 1
1 1
1 1
4 3
6 4
0 0 0 1 0
0 0 0 1 1
9 0 0 4 1
9 0 0 2 0
9 0 0 2 1
5 0 0 1 1
11 0 0 2 0
11 0 0 2 1
599 0 0 100 1
162 0 0 25 0
162 0 0 25 1
387 0 0 50 1
9 0 0 1 0
9 0 0 1 1
39 0 0 4 1
21 0 0 2 0
21 0 0 2 1
735 0 0 68 1
189 0 0 17 0
189 0 0 17 1
939 0 0 68 1
33 0 0 2 0
33 0 0 2 1
35 0 0 2 1
29 1 4 3 24
0 1 2 3
0 0 0 5 4 0
0
1
2
3
90 0 0 20 0 1
3 0 1 2
18 0 0 2 0 1
2 3 4
1 1
1 1
1 1
1 1
4 3
6 4
0 0 0 28 0
0 0 0 35 1
207 0 0 92 1
270 0 0 60 0
162 0 0 36 1
125 0 0 25 1
352 0 0 64 0
220 0 0 40 1
16173 0 0 2700 1
5508 0 0 850 0
3564 0 0 550 1
11223 0 0 1450 1
153 0 0 17 0
216 0 0 24 1
1209 0 0 124 1
399 0 0 38 0
546 0 0 52 1
24255 0 0 2244 1
3969 0 0 357 0
5292 0 0 476 1
32865 0 0 2380 1
759 0 0 46 0
990 0 0 60 1
630 0 0 36 1
30 2 4 6 24
0 1 2 3
9 0 0 2 2 0
0 1
1 2
11 0 0 2 1 0
0 2
162 0 0 25 0 1
3 0 1 2
9 0 0 1 1 0
1 3
21 0 0 2 1 0
0 3
189 0 0 17 0 1
3 3 4 5
1 2
1 2
1 2
4 6
1 2
1 2
7 10
0 0 0 1 0
0 0 0 1 1
9 0 0 4 1
9 0 0 2 0
9 0 0 2 1
5 0 0 1 1
11 0 0 2 0
11 0 0 2 1
599 0 0 100 1
162 0 0 25 0
162 0 0 25 1
387 0 0 50 1
9 0 0 1 0
9 0 0 1 1
39 0 0 4 1
21 0 0 2 0
21 0 0 2 1
735 0 0 68 1
189 0 0 17 0
189 0 0 17 1
939 0 0 68 1
33 0 0 2 0
33 0 0 2 1
35 0 0 2 1
31 2 4 6 24
0 1 2 3
63 0 0 14 2 0
0 1
1 2
132 0 0 24 1 0
0 2
648 0 0 100 0 1
3 0 1 2
81 0 0 9 1 0
1 3
294 0 0 28 1 0
0 3
1134 0 0 102 0 1
3 3 4 5
1 2
1 2
1 2
4 6
1 2
1 2
7 10
0 0 0 34 0
0 0 0 22 1
261 0 0 116 1
153 0 0 34 0
216 0 0 48 1
155 0 0 31 1
209 0 0 38 0
286 0 0 52 1
19767 0 0 3300 1
3402 0 0 525 0
4536 0 0 700 1
13545 0 0 1750 1
207 0 0 23 0
270 0 0 30 1
702 0 0 72 1
525 0 0 50 0
672 0 0 64 1
14700 0 0 1360 1
5103 0 0 459 0
6426 0 0 578 1
20658 0 0 1496 1
957 0 0 58 0
561 0 0 34 1
840 0 0 48 1
32 3 4 3 24
0 1 2 3
162 0 0 25 1 0
0 1 2
189 0 0 17 1 0
0 1 3
33 0 0 2 0 1
2 0 1
1 3
1 3
3 6
0 0 0 1 0
0 0 0 1 1
9 0 0 4 1
9 0 0 2 0
9 0 0 2 1
5 0 0 1 1
11 0 0 2 0
11 0 0 2 1
599 0 0 100 1
162 0 0 25 0
162 0 0 25 1
387 0 0 50 1
9 0 0 1 0
9 0 0 1 1
39 0 0 4 1
21 0 0 2 0
21 0 0 2 1
735 0 0 68 1
189 0 0 17 0
189 0 0 17 1
939 0 0 68 1
33 0 0 2 0
33 0 0 2 1
35 0 0 2 1
33 3 4 3 24
0 1 2 3
1458 0 0 225 1 0
0 1 2
2646 0 0 238 1 0
0 1 3
198 0 0 12 0 1
2 0 1
1 3
1 3
3 6
0 0 0 21 0
0 0 0 28 1
315 0 0 140 1
207 0 0 46 0
270 0 0 60 1
90 0 0 18 1
275 0 0 50 0
352 0 0 64 1
11980 0 0 2000 1
4374 0 0 675 0
5508 0 0 850 1
8514 0 0 1100 1
261 0 0 29 0
153 0 0 17 1
936 0 0 96 1
651 0 0 62 0
399 0 0 38 1
19110 0 0 1768 1
6237 0 0 561 0
3969 0 0 357 1
26292 0 0 1904 1
1155 0 0 70 0
759 0 0 46 1
1050 0 0 60 1
34 4 4 1 24
0 1 2 3
33 0 0 2 1 0
0 1 2 3
1 4
0 0 0 1 0
0 0 0 1 1
9 0 0 4 1
9 0 0 2 0
9 0 0 2 1
5 0 0 1 1
11 0 0 2 0
11 0 0 2 1
599 0 0 100 1
162 0 0 25 0
162 0 0 25 1
387 0 0 50 1
9 0 0 1 0
9 0 0 1 1
39 0 0 4 1
21 0 0 2 0
21 0 0 2 1
735 0 0 68 1
189 0 0 17 0
189 0 0 17 1
939 0 0 68 1
33 0 0 2 0
33 0 0 2 1
35 0 0 2 1
35 4 4 1 24
0 1 2 3
363 0 0 22 1 0
0 1 2 3
1 4
0 0 0 27 0
0 0 0 34 1
198 0 0 88 1
261 0 0 58 0
153 0 0 34 1
120 0 0 24 1
341 0 0 62 0
209 0 0 38 1
15574 0 0 2600 1
5346 0 0 825 0
3402 0 0 525 1
10836 0 0 1400 1
315 0 0 35 0
207 0 0 23 1
1170 0 0 120 1
378 0 0 36 0
525 0 0 50 1
23520 0 0 2176 1
3780 0 0 340 0
5103 0 0 459 1
31926 0 0 2312 1
726 0 0 44 0
957 0 0 58 1
595 0 0 34 1
36 1 7 7 66
0 1 2 3 4 5 6
0 0 0 1 7 0
0
1
2
3
4
5
6
3 0 0 4 0 1
2 0 1
59 0 0 4 0 1
2 2 7
387 0 0 4 0 1
2 3 8
1419 0 0 4 0 1
2 4 9
3803 0 0 4 0 1
2 5 10
8403 0 0 4 0 1
2 6 11
1 1
1 1
1 1
1 1
1 1
1 1
1 1
3 2
5 3
7 4
9 5
11 6
13 7
0 0 0 1 0
0 0 0 1 1
3 0 0 8 1
3 0 0 4 0
3 0 0 4 1
31 0 0 4 1
59 0 0 4 0
59 0 0 4 1
143 0 0 8 1
21 0 0 1 0
21 0 0 1 1
471 0 0 8 1
387 0 0 4 0
387 0 0 4 1
1131 0 0 8 1
186 0 0 1 0
186 0 0 1 1
1563 0 0 8 1
819 0 0 4 0
819 0 0 4 1
1119 0 0 4 1
1419 0 0 4 0
1419 0 0 4 1
4703 0 0 8 1
821 0 0 1 0
821 0 0 1 1
7087 0 0 8 1
3803 0 0 4 0
3803 0 0 4 1
4003 0 0 4 1
4203 0 0 4 0
4203 0 0 4 1
8571 0 0 8 1
1092 0 0 1 0
1092 0 0 1 1
12771 0 0 8 1
8403 0 0 4 0
8403 0 0 4 1
18267 0 0 8 1
2466 0 0 1 0
2466 0 0 1 1
24003 0 0 8 1
14139 0 0 4 0
14139 0 0 4 1
30107 0 0 8 1
3992 0 0 1 0
3992 0 0 1 1
32243 0 0 8 1
16275 0 0 4 0
16275 0 0 4 1
39783 0 0 8 1
5877 0 0 1 0
5877 0 0 1 1
59967 0 0 8 1
36459 0 0 4 0
36459 0 0 4 1
80763 0 0 8 1
11076 0 0 1 0
11076 0 0 1 1
91779 0 0 8 1
47475 0 0 4 0
47475 0 0 4 1
95463 0 0 8 1
11997 0 0 1 0
11997 0 0 1 1
11998 0 0 1 1
37 1 7 7 66
0 1 2 3 4 5 6
0 0 0 13 7 0
0
1
2
3
4
5
6
15 0 0 20 0 1
2 0 1
590 0 0 40 0 1
2 2 7
774 0 0 8 0 1
2 3 8
9933 0 0 28 0 1
2 4 9
45636 0 0 48 0 1
2 5 10
33612 0 0 16 0 1
2 6 11
1 1
1 1
1 1
1 1
1 1
1 1
1 1
3 2
5 3
7 4
9 5
11 6
13 7
0 0 0 33 0
0 0 0 21 1
84 0 0 224 1
105 0 0 140 0
69 0 0 92 1
930 0 0 120 1
1062 0 0 72 0
1475 0 0 100 1
4576 0 0 256 1
420 0 0 20 0
567 0 0 27 1
16014 0 0 272 1
8514 0 0 88 0
11223 0 0 116 1
19227 0 0 136 1
4464 0 0 24 0
5766 0 0 31 1
29697 0 0 152 1
21294 0 0 104 0
27027 0 0 132 1
23499 0 0 84 1
39732 0 0 112 0
49665 0 0 140 1
108169 0 0 184 1
24630 0 0 30 0
14778 0 0 18 1
177175 0 0 200 1
121696 0 0 128 0
76060 0 0 80 1
108081 0 0 108 1
142902 0 0 136 0
92466 0 0 88 1
248559 0 0 232 1
18564 0 0 17 0
26208 0 0 24 1
395901 0 0 248 1
159657 0 0 76 0
218478 0 0 104 1
602811 0 0 264 1
51786 0 0 21 0
69048 0 0 28 1
840105 0 0 280 1
325197 0 0 92 0
424170 0 0 120 1
541926 0 0 144 1
99800 0 0 25 0
127744 0 0 32 1
644860 0 0 160 1
439425 0 0 108 0
553350 0 0 136 1
875226 0 0 176 1
170433 0 0 29 0
99909 0 0 17 1
1439208 0 0 192 1
1130229 0 0 124 0
692721 0 0 76 1
2099838 0 0 208 1
365508 0 0 33 0
232596 0 0 21 1
2569812 0 0 224 1
1661625 0 0 140 0
1091925 0 0 92 1
2863890 0 0 240 1
215946 0 0 18 0
299925 0 0 25 1
383936 0 0 32 1
38 2 7 11 66
0 1 2 3 4 5 6
3 0 0 4 1 0
0 1
59 0 0 4 1 0
1 2
21 0 0 1 0 1
2 0 1
387 0 0 4 1 0
2 3
186 0 0 1 0 1
2 2 3
1419 0 0 4 1 0
3 4
821 0 0 1 0 1
2 4 5
3803 0 0 4 1 0
4 5
8403 0 0 4 1 0
5 6
2466 0 0 1 0 1
2 6 7
5877 0 0 1 0 1
2 8 9
1 2
1 2
3 4
1 2
5 6
1 2
7 8
1 2
1 2
9 10
11 12
0 0 0 1 0
0 0 0 1 1
3 0 0 8 1
3 0 0 4 0
3 0 0 4 1
31 0 0 4 1
59 0 0 4 0
59 0 0 4 1
143 0 0 8 1
21 0 0 1 0
21 0 0 1 1
471 0 0 8 1
387 0 0 4 0
387 0 0 4 1
1131 0 0 8 1
186 0 0 1 0
186 0 0 1 1
1563 0 0 8 1
819 0 0 4 0
819 0 0 4 1
1119 0 0 4 1
1419 0 0 4 0
1419 0 0 4 1
4703 0 0 8 1
821 0 0 1 0
821 0 0 1 1
7087 0 0 8 1
3803 0 0 4 0
3803 0 0 4 1
4003 0 0 4 1
4203 0 0 4 0
4203 0 0 4 1
8571 0 0 8 1
1092 0 0 1 0
1092 0 0 1 1
12771 0 0 8 1
8403 0 0 4 0
8403 0 0 4 1
18267 0 0 8 1
2466 0 0 1 0
2466 0 0 1 1
24003 0 0 8 1
14139 0 0 4 0
14139 0 0 4 1
30107 0 0 8 1
3992 0 0 1 0
3992 0 0 1 1
32243 0 0 8 1
16275 0 0 4 0
16275 0 0 4 1
39783 0 0 8 1
5877 0 0 1 0
5877 0 0 1 1
59967 0 0 8 1
36459 0 0 4 0
36459 0 0 4 1
80763 0 0 8 1
11076 0 0 1 0
11076 0 0 1 1
91779 0 0 8 1
47475 0 0 4 0
47475 0 0 4 1
95463 0 0 8 1
11997 0 0 1 0
11997 0 0 1 1
11998 0 0 1 1
39 2 7 11 66
0 1 2 3 4 5 6
6 0 0 8 1 0
0 1
413 0 0 28 1 0
1 2
252 0 0 12 0 1
2 0 1
1548 0 0 16 1 0
2 3
1674 0 0 9 0 1
2 2 3
19866 0 0 56 1 0
3 4
4926 0 0 6 0 1
2 4 5
41833 0 0 44 1 0
4 5
25209 0 0 12 1 0
5 6
19728 0 0 8 0 1
2 6 7
76401 0 0 13 0 1
2 8 9
1 2
1 2
3 4
1 2
5 6
1 2
7 8
1 2
1 2
9 10
11 12
0 0 0 20 0
0 0 0 27 1
102 0 0 272 1
66 0 0 88 0
87 0 0 116 1
527 0 0 68 1
1416 0 0 96 0
1829 0 0 124 1
2717 0 0 152 1
546 0 0 26 0
693 0 0 33 1
9891 0 0 168 1
10836 0 0 112 0
13545 0 0 140 1
26013 0 0 184 1
5580 0 0 30 0
3348 0 0 18 1
39075 0 0 200 1
26208 0 0 128 0
16380 0 0 80 1
30213 0 0 108 1
48246 0 0 136 0
31218 0 0 88 1
136387 0 0 232 1
13957 0 0 17 0
19704 0 0 24 1
219697 0 0 248 1
72257 0 0 76 0
98878 0 0 104 1
132099 0 0 132 1
88263 0 0 84 0
117684 0 0 112 1
299985 0 0 280 1
25116 0 0 23 0
32760 0 0 30 1
229878 0 0 144 1
210075 0 0 100 0
268896 0 0 128 1
365340 0 0 160 1
66582 0 0 27 0
83844 0 0 34 1
528066 0 0 176 1
410031 0 0 116 0
240363 0 0 68 1
722568 0 0 192 1
123752 0 0 31 0
75848 0 0 19 1
838318 0 0 208 1
537075 0 0 132 0
341775 0 0 84 1
1113924 0 0 224 1
205695 0 0 35 0
135171 0 0 23 1
1799010 0 0 240 1
656262 0 0 72 0
911475 0 0 100 1
2584416 0 0 256 1
221520 0 0 20 0
299052 0 0 27 1
3120486 0 0 272 1
1044450 0 0 88 0
1376775 0 0 116 1
1622871 0 0 136 1
287928 0 0 24 0
371907 0 0 31 1
227962 0 0 19 1
40 3 7 9 66
0 1 2 3 4 5 6
21 0 0 1 1 0
0 1 2
186 0 0 1 1 0
1 2 3
819 0 0 4 0 1
2 0 1
821 0 0 1 1 0
2 3 4
4203 0 0 4 0 1
2 2 3
2466 0 0 1 1 0
3 4 5
14139 0 0 4 0 1
2 4 5
5877 0 0 1 1 0
4 5 6
36459 0 0 4 0 1
2 6 7
1 3
1 3
3 6
1 3
5 9
1 3
7 12
1 3
9 15
0 0 0 1 0
0 0 0 1 1
3 0 0 8 1
3 0 0 4 0
3 0 0 4 1
31 0 0 4 1
59 0 0 4 0
59 0 0 4 1
143 0 0 8 1
21 0 0 1 0
21 0 0 1 1
471 0 0 8 1
387 0 0 4 0
387 0 0 4 1
1131 0 0 8 1
186 0 0 1 0
186 0 0 1 1
1563 0 0 8 1
819 0 0 4 0
819 0 0 4 1
1119 0 0 4 1
1419 0 0 4 0
1419 0 0 4 1
4703 0 0 8 1
821 0 0 1 0
821 0 0 1 1
7087 0 0 8 1
3803 0 0 4 0
3803 0 0 4 1
4003 0 0 4 1
4203 0 0 4 0
4203 0 0 4 1
8571 0 0 8 1
1092 0 0 1 0
1092 0 0 1 1
12771 0 0 8 1
8403 0 0 4 0
8403 0 0 4 1
18267 0 0 8 1
2466 0 0 1 0
2466 0 0 1 1
24003 0 0 8 1
14139 0 0 4 0
14139 0 0 4 1
30107 0 0 8 1
3992 0 0 1 0
3992 0 0 1 1
32243 0 0 8 1
16275 0 0 4 0
16275 0 0 4 1
39783 0 0 8 1
5877 0 0 1 0
5877 0 0 1 1
59967 0 0 8 1
36459 0 0 4 0
36459 0 0 4 1
80763 0 0 8 1
11076 0 0 1 0
11076 0 0 1 1
91779 0 0 8 1
47475 0 0 4 0
47475 0 0 4 1
95463 0 0 8 1
11997 0 0 1 0
11997 0 0 1 1
11998 0 0 1 1
41 3 7 9 66
0 1 2 3 4 5 6
84 0 0 4 1 0
0 1 2
1674 0 0 9 1 0
1 2 3
11466 0 0 56 0 1
2 0 1
4926 0 0 6 1 0
2 3 4
46233 0 0 44 0 1
2 2 3
7398 0 0 3 1 0
3 4 5
113112 0 0 32 0 1
2 4 5
76401 0 0 13 1 0
4 5 6
182295 0 0 20 0 1
2 6 7
1 3
1 3
3 6
1 3
5 9
1 3
7 12
1 3
9 15
0 0 0 26 0
0 0 0 33 1
63 0 0 168 1
84 0 0 112 0
105 0 0 140 1
713 0 0 92 1
1770 0 0 120 0
1062 0 0 72 1
3575 0 0 200 1
672 0 0 32 0
420 0 0 20 1
12717 0 0 216 1
13158 0 0 136 0
8514 0 0 88 1
32799 0 0 232 1
3162 0 0 17 0
4464 0 0 24 1
48453 0 0 248 1
15561 0 0 76 0
21294 0 0 104 1
36927 0 0 132 1
29799 0 0 84 0
39732 0 0 112 1
164605 0 0 280 1
18883 0 0 23 0
24630 0 0 30 1
127566 0 0 144 1
95075 0 0 100 0
121696 0 0 128 1
80060 0 0 80 1
113481 0 0 108 0
142902 0 0 136 1
188562 0 0 176 1
31668 0 0 29 0
18564 0 0 17 1
306504 0 0 192 1
260493 0 0 124 0
159657 0 0 76 1
474942 0 0 208 1
81378 0 0 33 0
51786 0 0 21 1
672084 0 0 224 1
494865 0 0 140 0
325197 0 0 92 1
903210 0 0 240 1
71856 0 0 18 0
99800 0 0 25 1
1031776 0 0 256 1
325500 0 0 80 0
439425 0 0 108 1
1352622 0 0 272 1
129294 0 0 22 0
170433 0 0 29 1
1019439 0 0 136 1
875016 0 0 96 0
1130229 0 0 124 1
1534497 0 0 152 1
287976 0 0 26 0
365508 0 0 33 1
1927359 0 0 168 1
1329300 0 0 112 0
1661625 0 0 140 1
2195649 0 0 184 1
359910 0 0 30 0
215946 0 0 18 1
299950 0 0 25 1
42 4 7 7 66
0 1 2 3 4 5 6
819 0 0 4 1 0
0 1 2 3
4203 0 0 4 1 0
1 2 3 4
1092 0 0 1 0 1
2 0 1
14139 0 0 4 1 0
2 3 4 5
3992 0 0 1 0 1
2 2 3
36459 0 0 4 1 0
3 4 5 6
11076 0 0 1 0 1
2 4 5
1 4
1 4
3 8
1 4
5 12
1 4
7 16
0 0 0 1 0
0 0 0 1 1
3 0 0 8 1
3 0 0 4 0
3 0 0 4 1
31 0 0 4 1
59 0 0 4 0
59 0 0 4 1
143 0 0 8 1
21 0 0 1 0
21 0 0 1 1
471 0 0 8 1
387 0 0 4 0
387 0 0 4 1
1131 0 0 8 1
186 0 0 1 0
186 0 0 1 1
1563 0 0 8 1
819 0 0 4 0
819 0 0 4 1
1119 0 0 4 1
1419 0 0 4 0
1419 0 0 4 1
4703 0 0 8 1
821 0 0 1 0
821 0 0 1 1
7087 0 0 8 1
3803 0 0 4 0
3803 0 0 4 1
4003 0 0 4 1
4203 0 0 4 0
4203 0 0 4 1
8571 0 0 8 1
1092 0 0 1 0
1092 0 0 1 1
12771 0 0 8 1
8403 0 0 4 0
8403 0 0 4 1
18267 0 0 8 1
2466 0 0 1 0
2466 0 0 1 1
24003 0 0 8 1
14139 0 0 4 0
14139 0 0 4 1
30107 0 0 8 1
3992 0 0 1 0
3992 0 0 1 1
32243 0 0 8 1
16275 0 0 4 0
16275 0 0 4 1
39783 0 0 8 1
5877 0 0 1 0
5877 0 0 1 1
59967 0 0 8 1
36459 0 0 4 0
36459 0 0 4 1
80763 0 0 8 1
11076 0 0 1 0
11076 0 0 1 1
91779 0 0 8 1
47475 0 0 4 0
47475 0 0 4 1
95463 0 0 8 1
11997 0 0 1 0
11997 0 0 1 1
11998 0 0 1 1
43 4 7 7 66
0 1 2 3 4 5 6
4914 0 0 24 1 0
0 1 2 3
46233 0 0 44 1 0
1 2 3 4
3276 0 0 3 0 1
2 0 1
113112 0 0 32 1 0
2 3 4 5
51896 0 0 13 0 1
2 2 3
182295 0 0 20 1 0
3 4 5 6
110760 0 0 10 0 1
2 4 5
1 4
1 4
3 8
1 4
5 12
1 4
7 16
0 0 0 32 0
0 0 0 20 1
81 0 0 216 1
102 0 0 136 0
66 0 0 88 1
899 0 0 116 1
1003 0 0 68 0
1416 0 0 96 1
4433 0 0 248 1
399 0 0 19 0
546 0 0 26 1
15543 0 0 264 1
8127 0 0 84 0
10836 0 0 112 1
39585 0 0 280 1
4278 0 0 23 0
5580 0 0 30 1
28134 0 0 144 1
20475 0 0 100 0
26208 0 0 128 1
22380 0 0 80 1
38313 0 0 108 0
48246 0 0 136 1
103466 0 0 176 1
23809 0 0 29 0
13957 0 0 17 1
170088 0 0 192 1
117893 0 0 124 0
72257 0 0 76 1
104078 0 0 104 1
138699 0 0 132 0
88263 0 0 84 1
239988 0 0 224 1
38220 0 0 35 0
25116 0 0 23 1
383130 0 0 240 1
151254 0 0 72 0
210075 0 0 100 1
584544 0 0 256 1
49320 0 0 20 0
66582 0 0 27 1
816102 0 0 272 1
311058 0 0 88 0
410031 0 0 116 1
511819 0 0 136 1
95808 0 0 24 0
123752 0 0 31 1
612617 0 0 152 1
423150 0 0 104 0
537075 0 0 132 1
835443 0 0 168 1
164556 0 0 28 0
205695 0 0 35 1
1379241 0 0 184 1
1093770 0 0 120 0
656262 0 0 72 1
2019075 0 0 200 1
354432 0 0 32 0
221520 0 0 20 1
2478033 0 0 216 1
1614150 0 0 136 0
1044450 0 0 88 1
2768427 0 0 232 1
203949 0 0 17 0
287928 0 0 24 1
371938 0 0 31 1
44 5 7 5 66
0 1 2 3 4 5 6
1092 0 0 1 1 0
0 1 2 3 4
3992 0 0 1 1 0
1 2 3 4 5
16275 0 0 4 0 1
2 0 1
11076 0 0 1 1 0
2 3 4 5 6
47475 0 0 4 0 1
2 2 3
1 5
1 5
3 10
1 5
5 15
0 0 0 1 0
0 0 0 1 1
3 0 0 8 1
3 0 0 4 0
3 0 0 4 1
31 0 0 4 1
59 0 0 4 0
59 0 0 4 1
143 0 0 8 1
21 0 0 1 0
21 0 0 1 1
471 0 0 8 1
387 0 0 4 0
387 0 0 4 1
1131 0 0 8 1
186 0 0 1 0
186 0 0 1 1
1563 0 0 8 1
819 0 0 4 0
819 0 0 4 1
1119 0 0 4 1
1419 0 0 4 0
1419 0 0 4 1
4703 0 0 8 1
821 0 0 1 0
821 0 0 1 1
7087 0 0 8 1
3803 0 0 4 0
3803 0 0 4 1
4003 0 0 4 1
4203 0 0 4 0
4203 0 0 4 1
8571 0 0 8 1
1092 0 0 1 0
1092 0 0 1 1
12771 0 0 8 1
8403 0 0 4 0
8403 0 0 4 1
18267 0 0 8 1
2466 0 0 1 0
2466 0 0 1 1
24003 0 0 8 1
14139 0 0 4 0
14139 0 0 4 1
30107 0 0 8 1
3992 0 0 1 0
3992 0 0 1 1
32243 0 0 8 1
16275 0 0 4 0
16275 0 0 4 1
39783 0 0 8 1
5877 0 0 1 0
5877 0 0 1 1
59967 0 0 8 1
36459 0 0 4 0
36459 0 0 4 1
80763 0 0 8 1
11076 0 0 1 0
11076 0 0 1 1
91779 0 0 8 1
47475 0 0 4 0
47475 0 0 4 1
95463 0 0 8 1
11997 0 0 1 0
11997 0 0 1 1
11998 0 0 1 1
45 5 7 5 66
0 1 2 3 4 5 6
8736 0 0 8 1 0
0 1 2 3 4
51896 0 0 13 1 0
1 2 3 4 5
81375 0 0 20 0 1
2 0 1
110760 0 0 10 1 0
2 3 4 5 6
94950 0 0 8 0 1
2 2 3
1 5
1 5
3 10
1 5
5 15
0 0 0 19 0
0 0 0 26 1
99 0 0 264 1
63 0 0 84 0
84 0 0 112 1
1085 0 0 140 1
1357 0 0 92 0
1770 0 0 120 1
2574 0 0 144 1
525 0 0 25 0
672 0 0 32 1
9420 0 0 160 1
10449 0 0 108 0
13158 0 0 136 1
24882 0 0 176 1
5394 0 0 29 0
3162 0 0 17 1
37512 0 0 192 1
25389 0 0 124 0
15561 0 0 76 1
29094 0 0 104 1
46827 0 0 132 0
29799 0 0 84 1
131684 0 0 224 1
28735 0 0 35 0
18883 0 0 23 1
212610 0 0 240 1
68454 0 0 72 0
95075 0 0 100 1
128096 0 0 128 1
84060 0 0 80 0
113481 0 0 108 1
291414 0 0 272 1
24024 0 0 22 0
31668 0 0 29 1
217107 0 0 136 1
201672 0 0 96 0
260493 0 0 124 1
347073 0 0 152 1
64116 0 0 26 0
81378 0 0 33 1
504063 0 0 168 1
395892 0 0 112 0
494865 0 0 140 1
692461 0 0 184 1
119760 0 0 30 0
71856 0 0 18 1
806075 0 0 200 1
520800 0 0 128 0
325500 0 0 80 1
1074141 0 0 216 1
199818 0 0 34 0
129294 0 0 22 1
1739043 0 0 232 1
619803 0 0 68 0
875016 0 0 96 1
2503653 0 0 248 1
210444 0 0 19 0
287976 0 0 26 1
3028707 0 0 264 1
996975 0 0 84 0
1329300 0 0 112 1
3341205 0 0 280 1
275931 0 0 23 0
359910 0 0 30 1
215964 0 0 18 1
46 6 7 3 66
0 1 2 3 4 5 6
16275 0 0 4 1 0
0 1 2 3 4 5
47475 0 0 4 1 0
1 2 3 4 5 6
11997 0 0 1 0 1
2 0 1
1 6
1 6
3 12
0 0 0 1 0
0 0 0 1 1
3 0 0 8 1
3 0 0 4 0
3 0 0 4 1
31 0 0 4 1
59 0 0 4 0
59 0 0 4 1
143 0 0 8 1
21 0 0 1 0
21 0 0 1 1
471 0 0 8 1
387 0 0 4 0
387 0 0 4 1
1131 0 0 8 1
186 0 0 1 0
186 0 0 1 1
1563 0 0 8 1
819 0 0 4 0
819 0 0 4 1
1119 0 0 4 1
1419 0 0 4 0
1419 0 0 4 1
4703 0 0 8 1
821 0 0 1 0
821 0 0 1 1
7087 0 0 8 1
3803 0 0 4 0
3803 0 0 4 1
4003 0 0 4 1
4203 0 0 4 0
4203 0 0 4 1
8571 0 0 8 1
1092 0 0 1 0
1092 0 0 1 1
12771 0 0 8 1
8403 0 0 4 0
8403 0 0 4 1
18267 0 0 8 1
2466 0 0 1 0
2466 0 0 1 1
24003 0 0 8 1
14139 0 0 4 0
14139 0 0 4 1
30107 0 0 8 1
3992 0 0 1 0
3992 0 0 1 1
32243 0 0 8 1
16275 0 0 4 0
16275 0 0 4 1
39783 0 0 8 1
5877 0 0 1 0
5877 0 0 1 1
59967 0 0 8 1
36459 0 0 4 0
36459 0 0 4 1
80763 0 0 8 1
11076 0 0 1 0
11076 0 0 1 1
91779 0 0 8 1
47475 0 0 4 0
47475 0 0 4 1
95463 0 0 8 1
11997 0 0 1 0
11997 0 0 1 1
11998 0 0 1 1
47 6 7 3 66
0 1 2 3 4 5 6
162750 0 0 40 1 0
0 1 2 3 4 5
94950 0 0 8 1 0
1 2 3 4 5 6
83979 0 0 7 0 1
2 0 1
1 6
1 6
3 12
0 0 0 25 0
0 0 0 32 1
60 0 0 160 1
81 0 0 108 0
102 0 0 136 1
682 0 0 88 1
1711 0 0 116 0
1003 0 0 68 1
3432 0 0 192 1
651 0 0 31 0
399 0 0 19 1
12246 0 0 208 1
12771 0 0 132 0
8127 0 0 84 1
31668 0 0 224 1
6510 0 0 35 0
4278 0 0 23 1
46890 0 0 240 1
14742 0 0 72 0
20475 0 0 100 1
35808 0 0 128 1
28380 0 0 80 0
38313 0 0 108 1
159902 0 0 272 1
18062 0 0 22 0
23809 0 0 29 1
120479 0 0 136 1
91272 0 0 96 0
117893 0 0 124 1
76057 0 0 76 1
109278 0 0 104 0
138699 0 0 132 1
179991 0 0 168 1
30576 0 0 28 0
38220 0 0 35 1
293733 0 0 184 1
252090 0 0 120 0
151254 0 0 72 1
456675 0 0 200 1
78912 0 0 32 0
49320 0 0 20 1
648081 0 0 216 1
480726 0 0 136 0
311058 0 0 88 1
873103 0 0 232 1
67864 0 0 17 0
95808 0 0 24 1
999533 0 0 248 1
309225 0 0 76 0
423150 0 0 104 1
1312839 0 0 264 1
123417 0 0 21 0
164556 0 0 28 1
2098845 0 0 280 1
838557 0 0 92 0
1093770 0 0 120 1
1453734 0 0 144 1
276900 0 0 25 0
354432 0 0 32 1
1835580 0 0 160 1
1281825 0 0 108 0
1614150 0 0 136 1
2100186 0 0 176 1
347913 0 0 29 0
203949 0 0 17 1
287952 0 0 24 1
48 7 7 1 66
0 1 2 3 4 5 6
11997 0 0 1 1 0
0 1 2 3 4 5 6
1 7
0 0 0 1 0
0 0 0 1 1
3 0 0 8 1
3 0 0 4 0
3 0 0 4 1
31 0 0 4 1
59 0 0 4 0
59 0 0 4 1
143 0 0 8 1
21 0 0 1 0
21 0 0 1 1
471 0 0 8 1
387 0 0 4 0
387 0 0 4 1
1131 0 0 8 1
186 0 0 1 0
186 0 0 1 1
1563 0 0 8 1
819 0 0 4 0
819 0 0 4 1
1119 0 0 4 1
1419 0 0 4 0
1419 0 0 4 1
4703 0 0 8 1
821 0 0 1 0
821 0 0 1 1
7087 0 0 8 1
3803 0 0 4 0
3803 0 0 4 1
4003 0 0 4 1
4203 0 0 4 0
4203 0 0 4 1
8571 0 0 8 1
1092 0 0 1 0
1092 0 0 1 1
12771 0 0 8 1
8403 0 0 4 0
8403 0 0 4 1
18267 0 0 8 1
2466 0 0 1 0
2466 0 0 1 1
24003 0 0 8 1
14139 0 0 4 0
14139 0 0 4 1
30107 0 0 8 1
3992 0 0 1 0
3992 0 0 1 1
32243 0 0 8 1
16275 0 0 4 0
16275 0 0 4 1
39783 0 0 8 1
5877 0 0 1 0
5877 0 0 1 1
59967 0 0 8 1
36459 0 0 4 0
36459 0 0 4 1
80763 0 0 8 1
11076 0 0 1 0
11076 0 0 1 1
91779 0 0 8 1
47475 0 0 4 0
47475 0 0 4 1
95463 0 0 8 1
11997 0 0 1 0
11997 0 0 1 1
11998 0 0 1 1
49 7 7 1 66
0 1 2 3 4 5 6
143964 0 0 12 1 0
0 1 2 3 4 5 6
1 7
0 0 0 31 0
0 0 0 19 1
78 0 0 208 1
99 0 0 132 0
63 0 0 84 1
868 0 0 112 1
2065 0 0 140 0
1357 0 0 92 1
4290 0 0 240 1
378 0 0 18 0
525 0 0 25 1
15072 0 0 256 1
7740 0 0 80 0
10449 0 0 108 1
38454 0 0 272 1
4092 0 0 22 0
5394 0 0 29 1
26571 0 0 136 1
19656 0 0 96 0
25389 0 0 124 1
21261 0 0 76 1
36894 0 0 104 0
46827 0 0 132 1
98763 0 0 168 1
22988 0 0 28 0
28735 0 0 35 1
163001 0 0 184 1
114090 0 0 120 0
68454 0 0 72 1
100075 0 0 100 1
134496 0 0 128 0
84060 0 0 80 1
231417 0 0 216 1
37128 0 0 34 0
24024 0 0 22 1
370359 0 0 232 1
142851 0 0 68 0
201672 0 0 96 1
566277 0 0 248 1
46854 0 0 19 0
64116 0 0 26 1
792099 0 0 264 1
296919 0 0 84 0
395892 0 0 112 1
1053745 0 0 280 1
91816 0 0 23 0
119760 0 0 30 1
580374 0 0 144 1
406875 0 0 100 0
520800 0 0 128 1
795660 0 0 160 1
158679 0 0 27 0
199818 0 0 34 1
1319274 0 0 176 1
1057311 0 0 116 0
619803 0 0 68 1
1938312 0 0 192 1
343356 0 0 31 0
210444 0 0 19 1
2386254 0 0 208 1
1566675 0 0 132 0
996975 0 0 84 1
2672964 0 0 224 1
419895 0 0 35 0
275931 0 0 23 1
359940 0 0 30 1
50 1 7 7 66
0 1 2 3 4 5 6
0 0 0 1 7 0
0
1
2
3
4
5
6
3 0 0 4 0 1
2 5 6
59 0 0 4 0 1
2 4 7
387 0 0 4 0 1
2 3 8
1419 0 0 4 0 1
2 2 9
3803 0 0 4 0 1
2 1 10
8403 0 0 4 0 1
2 0 11
1 1
1 1
1 1
1 1
1 1
1 1
1 1
3 2
5 3
7 4
9 5
11 6
13 7
0 0 0 1 0
0 0 0 1 1
3 0 0 8 1
3 0 0 4 0
3 0 0 4 1
31 0 0 4 1
59 0 0 4 0
59 0 0 4 1
143 0 0 8 1
21 0 0 1 0
21 0 0 1 1
471 0 0 8 1
387 0 0 4 0
387 0 0 4 1
1131 0 0 8 1
186 0 0 1 0
186 0 0 1 1
1563 0 0 8 1
819 0 0 4 0
819 0 0 4 1
1119 0 0 4 1
1419 0 0 4 0
1419 0 0 4 1
4703 0 0 8 1
821 0 0 1 0
821 0 0 1 1
7087 0 0 8 1
3803 0 0 4 0
3803 0 0 4 1
4003 0 0 4 1
4203 0 0 4 0
4203 0 0 4 1
8571 0 0 8 1
1092 0 0 1 0
1092 0 0 1 1
12771 0 0 8 1
8403 0 0 4 0
8403 0 0 4 1
18267 0 0 8 1
2466 0 0 1 0
2466 0 0 1 1
24003 0 0 8 1
14139 0 0 4 0
14139 0 0 4 1
30107 0 0 8 1
3992 0 0 1 0
3992 0 0 1 1
32243 0 0 8 1
16275 0 0 4 0
16275 0 0 4 1
39783 0 0 8 1
5877 0 0 1 0
5877 0 0 1 1
59967 0 0 8 1
36459 0 0 4 0
36459 0 0 4 1
80763 0 0 8 1
11076 0 0 1 0
11076 0 0 1 1
91779 0 0 8 1
47475 0 0 4 0
47475 0 0 4 1
95463 0 0 8 1
11997 0 0 1 0
11997 0 0 1 1
11998 0 0 1 1
51 1 7 7 66
0 1 2 3 4 5 6
0 0 0 14 7 0
0
1
2
3
4
5
6
18 0 0 24 0 1
2 5 6
649 0 0 44 0 1
2 4 7
1161 0 0 12 0 1
2 3 8
11352 0 0 32 0 1
2 2 9
49439 0 0 52 0 1
2 1 10
42015 0 0 20 0 1
2 0 11
1 1
1 1
1 1
1 1
1 1
1 1
1 1
3 2
5 3
7 4
9 5
11 6
13 7
0 0 0 18 0
0 0 0 25 1
96 0 0 256 1
60 0 0 80 0
81 0 0 108 1
1054 0 0 136 1
1298 0 0 88 0
1711 0 0 116 1
2431 0 0 136 1
504 0 0 24 0
651 0 0 31 1
8949 0 0 152 1
10062 0 0 104 0
12771 0 0 132 1
23751 0 0 168 1
5208 0 0 28 0
6510 0 0 35 1
35949 0 0 184 1
24570 0 0 120 0
14742 0 0 72 1
27975 0 0 100 1
45408 0 0 128 0
28380 0 0 80 1
126981 0 0 216 1
27914 0 0 34 0
18062 0 0 22 1
205523 0 0 232 1
64651 0 0 68 0
91272 0 0 96 1
124093 0 0 124 1
79857 0 0 76 0
109278 0 0 104 1
282843 0 0 264 1
22932 0 0 21 0
30576 0 0 28 1
446985 0 0 280 1
193269 0 0 92 0
252090 0 0 120 1
328806 0 0 144 1
61650 0 0 25 0
78912 0 0 32 1
480060 0 0 160 1
381753 0 0 108 0
480726 0 0 136 1
662354 0 0 176 1
115768 0 0 29 0
67864 0 0 17 1
773832 0 0 192 1
504525 0 0 124 0
309225 0 0 76 1
1034358 0 0 208 1
193941 0 0 33 0
123417 0 0 21 1
1679076 0 0 224 1
1276065 0 0 140 0
838557 0 0 92 1
2422890 0 0 240 1
199368 0 0 18 0
276900 0 0 25 1
2936928 0 0 256 1
949500 0 0 80 0
1281825 0 0 108 1
3245742 0 0 272 1
263934 0 0 22 0
347913 0 0 29 1
203966 0 0 17 1
52 2 7 11 66
0 1 2 3 4 5 6
3 0 0 4 1 0
5 6
59 0 0 4 1 0
4 5
21 0 0 1 0 1
2 0 1
387 0 0 4 1 0
3 4
186 0 0 1 0 1
2 2 3
1419 0 0 4 1 0
2 3
821 0 0 1 0 1
2 4 5
3803 0 0 4 1 0
1 2
8403 0 0 4 1 0
0 1
2466 0 0 1 0 1
2 6 7
5877 0 0 1 0 1
2 8 9
1 2
1 2
3 4
1 2
5 6
1 2
7 8
1 2
1 2
9 10
11 12
0 0 0 1 0
0 0 0 1 1
3 0 0 8 1
3 0 0 4 0
3 0 0 4 1
31 0 0 4 1
59 0 0 4 0
59 0 0 4 1
143 0 0 8 1
21 0 0 1 0
21 0 0 1 1
471 0 0 8 1
387 0 0 4 0
387 0 0 4 1
1131 0 0 8 1
186 0 0 1 0
186 0 0 1 1
1563 0 0 8 1
819 0 0 4 0
819 0 0 4 1
1119 0 0 4 1
1419 0 0 4 0
1419 0 0 4 1
4703 0 0 8 1
821 0 0 1 0
821 0 0 1 1
7087 0 0 8 1
3803 0 0 4 0
3803 0 0 4 1
4003 0 0 4 1
4203 0 0 4 0
4203 0 0 4 1
8571 0 0 8 1
1092 0 0 1 0
1092 0 0 1 1
12771 0 0 8 1
8403 0 0 4 0
8403 0 0 4 1
18267 0 0 8 1
2466 0 0 1 0
2466 0 0 1 1
24003 0 0 8 1
14139 0 0 4 0
14139 0 0 4 1
30107 0 0 8 1
3992 0 0 1 0
3992 0 0 1 1
32243 0 0 8 1
16275 0 0 4 0
16275 0 0 4 1
39783 0 0 8 1
5877 0 0 1 0
5877 0 0 1 1
59967 0 0 8 1
36459 0 0 4 0
36459 0 0 4 1
80763 0 0 8 1
11076 0 0 1 0
11076 0 0 1 1
91779 0 0 8 1
47475 0 0 4 0
47475 0 0 4 1
95463 0 0 8 1
11997 0 0 1 0
11997 0 0 1 1
11998 0 0 1 1
53 2 7 11 66
0 1 2 3 4 5 6
9 0 0 12 1 0
5 6
472 0 0 32 1 0
4 5
273 0 0 13 0 1
2 0 1
1935 0 0 20 1 0
3 4
1860 0 0 10 0 1
2 2 3
2838 0 0 8 1 0
2 3
5747 0 0 7 0 1
2 4 5
45636 0 0 48 1 0
1 2
33612 0 0 16 1 0
0 1
22194 0 0 9 0 1
2 6 7
82278 0 0 14 0 1
2 8 9
1 2
1 2
3 4
1 2
5 6
1 2
7 8
1 2
1 2
9 10
11 12
0 0 0 24 0
0 0 0 31 1
57 0 0 152 1
78 0 0 104 0
99 0 0 132 1
651 0 0 84 1
1652 0 0 112 0
2065 0 0 140 1
3289 0 0 184 1
630 0 0 30 0
378 0 0 18 1
11775 0 0 200 1
12384 0 0 128 0
7740 0 0 80 1
30537 0 0 216 1
6324 0 0 34 0
4092 0 0 22 1
45327 0 0 232 1
13923 0 0 68 0
19656 0 0 96 1
34689 0 0 124 1
26961 0 0 76 0
36894 0 0 104 1
155199 0 0 264 1
17241 0 0 21 0
22988 0 0 28 1
248045 0 0 280 1
87469 0 0 92 0
114090 0 0 120 1
72054 0 0 72 1
105075 0 0 100 0
134496 0 0 128 1
171420 0 0 160 1
29484 0 0 27 0
37128 0 0 34 1
280962 0 0 176 1
243687 0 0 116 0
142851 0 0 68 1
438408 0 0 192 1
76446 0 0 31 0
46854 0 0 19 1
624078 0 0 208 1
466587 0 0 132 0
296919 0 0 84 1
842996 0 0 224 1
139720 0 0 35 0
91816 0 0 23 1
967290 0 0 240 1
292950 0 0 72 0
406875 0 0 100 1
1273056 0 0 256 1
117540 0 0 20 0
158679 0 0 27 1
2038878 0 0 272 1
802098 0 0 88 0
1057311 0 0 116 1
1372971 0 0 136 1
265824 0 0 24 0
343356 0 0 31 1
1743801 0 0 152 1
1234350 0 0 104 0
1566675 0 0 132 1
2004723 0 0 168 1
335916 0 0 28 0
419895 0 0 35 1
275954 0 0 23 1
54 3 7 9 66
0 1 2 3 4 5 6
21 0 0 1 1 0
4 5 6
186 0 0 1 1 0
3 4 5
819 0 0 4 0 1
2 0 1
821 0 0 1 1 0
2 3 4
4203 0 0 4 0 1
2 2 3
2466 0 0 1 1 0
1 2 3
14139 0 0 4 0 1
2 4 5
5877 0 0 1 1 0
0 1 2
36459 0 0 4 0 1
2 6 7
1 3
1 3
3 6
1 3
5 9
1 3
7 12
1 3
9 15
0 0 0 1 0
0 0 0 1 1
3 0 0 8 1
3 0 0 4 0
3 0 0 4 1
31 0 0 4 1
59 0 0 4 0
59 0 0 4 1
143 0 0 8 1
21 0 0 1 0
21 0 0 1 1
471 0 0 8 1
387 0 0 4 0
387 0 0 4 1
1131 0 0 8 1
186 0 0 1 0
186 0 0 1 1
1563 0 0 8 1
819 0 0 4 0
819 0 0 4 1
1119 0 0 4 1
1419 0 0 4 0
1419 0 0 4 1
4703 0 0 8 1
821 0 0 1 0
821 0 0 1 1
7087 0 0 8 1
3803 0 0 4 0
3803 0 0 4 1
4003 0 0 4 1
4203 0 0 4 0
4203 0 0 4 1
8571 0 0 8 1
1092 0 0 1 0
1092 0 0 1 1
12771 0 0 8 1
8403 0 0 4 0
8403 0 0 4 1
18267 0 0 8 1
2466 0 0 1 0
2466 0 0 1 1
24003 0 0 8 1
14139 0 0 4 0
14139 0 0 4 1
30107 0 0 8 1
3992 0 0 1 0
3992 0 0 1 1
32243 0 0 8 1
16275 0 0 4 0
16275 0 0 4 1
39783 0 0 8 1
5877 0 0 1 0
5877 0 0 1 1
59967 0 0 8 1
36459 0 0 4 0
36459 0 0 4 1
80763 0 0 8 1
11076 0 0 1 0
11076 0 0 1 1
91779 0 0 8 1
47475 0 0 4 0
47475 0 0 4 1
95463 0 0 8 1
11997 0 0 1 0
11997 0 0 1 1
11998 0 0 1 1
55 3 7 9 66
0 1 2 3 4 5 6
105 0 0 5 1 0
4 5 6
1860 0 0 10 1 0
3 4 5
1638 0 0 8 0 1
2 0 1
5747 0 0 7 1 0
2 3 4
50436 0 0 48 0 1
2 2 3
9864 0 0 4 1 0
1 2 3
127251 0 0 36 0 1
2 4 5
82278 0 0 14 1 0
0 1 2
218754 0 0 24 0 1
2 6 7
1 3
1 3
3 6
1 3
5 9
1 3
7 12
1 3
9 15
0 0 0 30 0
0 0 0 18 1
75 0 0 200 1
96 0 0 128 0
60 0 0 80 1
837 0 0 108 1
2006 0 0 136 0
1298 0 0 88 1
4147 0 0 232 1
357 0 0 17 0
504 0 0 24 1
14601 0 0 248 1
7353 0 0 76 0
10062 0 0 104 1
37323 0 0 264 1
3906 0 0 21 0
5208 0 0 28 1
54705 0 0 280 1
18837 0 0 92 0
24570 0 0 120 1
20142 0 0 72 1
35475 0 0 100 0
45408 0 0 128 1
94060 0 0 160 1
22167 0 0 27 0
27914 0 0 34 1
155914 0 0 176 1
110287 0 0 116 0
64651 0 0 68 1
96072 0 0 96 1
130293 0 0 124 0
79857 0 0 76 1
222846 0 0 208 1
36036 0 0 33 0
22932 0 0 21 1
357588 0 0 224 1
294105 0 0 140 0
193269 0 0 92 1
548010 0 0 240 1
44388 0 0 18 0
61650 0 0 25 1
768096 0 0 256 1
282780 0 0 80 0
381753 0 0 108 1
1023638 0 0 272 1
87824 0 0 22 0
115768 0 0 29 1
548131 0 0 136 1
390600 0 0 96 0
504525 0 0 124 1
755877 0 0 152 1
152802 0 0 26 0
193941 0 0 33 1
1259307 0 0 168 1
1020852 0 0 112 0
1276065 0 0 140 1
1857549 0 0 184 1
332280 0 0 30 0
199368 0 0 18 1
2294475 0 0 200 1
1519200 0 0 128 0
949500 0 0 80 1
2577501 0 0 216 1
407898 0 0 34 0
263934 0 0 22 1
347942 0 0 29 1
56 4 7 7 66
0 1 2 3 4 5 6
819 0 0 4 1 0
3 4 5 6
4203 0 0 4 1 0
2 3 4 5
1092 0 0 1 0 1
2 0 1
14139 0 0 4 1 0
1 2 3 4
3992 0 0 1 0 1
2 2 3
36459 0 0 4 1 0
0 1 2 3
11076 0 0 1 0 1
2 4 5
1 4
1 4
3 8
1 4
5 12
1 4
7 16
0 0 0 1 0
0 0 0 1 1
3 0 0 8 1
3 0 0 4 0
3 0 0 4 1
31 0 0 4 1
59 0 0 4 0
59 0 0 4 1
143 0 0 8 1
21 0 0 1 0
21 0 0 1 1
471 0 0 8 1
387 0 0 4 0
387 0 0 4 1
1131 0 0 8 1
186 0 0 1 0
186 0 0 1 1
1563 0 0 8 1
819 0 0 4 0
819 0 0 4 1
1119 0 0 4 1
1419 0 0 4 0
1419 0 0 4 1
4703 0 0 8 1
821 0 0 1 0
821 0 0 1 1
7087 0 0 8 1
3803 0 0 4 0
3803 0 0 4 1
4003 0 0 4 1
4203 0 0 4 0
4203 0 0 4 1
8571 0 0 8 1
1092 0 0 1 0
1092 0 0 1 1
12771 0 0 8 1
8403 0 0 4 0
8403 0 0 4 1
18267 0 0 8 1
2466 0 0 1 0
2466 0 0 1 1
24003 0 0 8 1
14139 0 0 4 0
14139 0 0 4 1
30107 0 0 8 1
3992 0 0 1 0
3992 0 0 1 1
32243 0 0 8 1
16275 0 0 4 0
16275 0 0 4 1
39783 0 0 8 1
5877 0 0 1 0
5877 0 0 1 1
59967 0 0 8 1
36459 0 0 4 0
36459 0 0 4 1
80763 0 0 8 1
11076 0 0 1 0
11076 0 0 1 1
91779 0 0 8 1
47475 0 0 4 0
47475 0 0 4 1
95463 0 0 8 1
11997 0 0 1 0
11997 0 0 1 1
11998 0 0 1 1
57 4 7 7 66
0 1 2 3 4 5 6
5733 0 0 28 1 0
3 4 5 6
50436 0 0 48 1 0
2 3 4 5
4368 0 0 4 0 1
2 0 1
127251 0 0 36 1 0
1 2 3 4
55888 0 0 14 0 1
2 2 3
218754 0 0 24 1 0
0 1 2 3
121836 0 0 11 0 1
2 4 5
1 4
1 4
3 8
1 4
5 12
1 4
7 16
0 0 0 17 0
0 0 0 24 1
93 0 0 248 1
57 0 0 76 0
78 0 0 104 1
1023 0 0 132 1
1239 0 0 84 0
1652 0 0 112 1
5005 0 0 280 1
483 0 0 23 0
630 0 0 30 1
8478 0 0 144 1
9675 0 0 100 0
12384 0 0 128 1
22620 0 0 160 1
5022 0 0 27 0
6324 0 0 34 1
34386 0 0 176 1
23751 0 0 116 0
13923 0 0 68 1
26856 0 0 96 1
43989 0 0 124 0
26961 0 0 76 1
122278 0 0 208 1
27093 0 0 33 0
17241 0 0 21 1
198436 0 0 224 1
133105 0 0 140 0
87469 0 0 92 1
120090 0 0 120 1
75654 0 0 72 0
105075 0 0 100 1
274272 0 0 256 1
21840 0 0 20 0
29484 0 0 27 1
434214 0 0 272 1
184866 0 0 88 0
243687 0 0 116 1
310539 0 0 136 1
59184 0 0 24 0
76446 0 0 31 1
456057 0 0 152 1
367614 0 0 104 0
466587 0 0 132 1
632247 0 0 168 1
111776 0 0 28 0
139720 0 0 35 1
741589 0 0 184 1
488250 0 0 120 0
292950 0 0 72 1
994575 0 0 200 1
188064 0 0 32 0
117540 0 0 20 1
1619109 0 0 216 1
1239606 0 0 136 0
802098 0 0 88 1
2342127 0 0 232 1
188292 0 0 17 0
265824 0 0 24 1
2845149 0 0 248 1
902025 0 0 76 0
1234350 0 0 104 1
3150279 0 0 264 1
251937 0 0 21 0
335916 0 0 28 1
419930 0 0 35 1
58 5 7 5 66
0 1 2 3 4 5 6
1092 0 0 1 1 0
2 3 4 5 6
3992 0 0 1 1 0
1 2 3 4 5
16275 0 0 4 0 1
2 0 1
11076 0 0 1 1 0
0 1 2 3 4
47475 0 0 4 0 1
2 2 3
1 5
1 5
3 10
1 5
5 15
0 0 0 1 0
0 0 0 1 1
3 0 0 8 1
3 0 0 4 0
3 0 0 4 1
31 0 0 4 1
59 0 0 4 0
59 0 0 4 1
143 0 0 8 1
21 0 0 1 0
21 0 0 1 1
471 0 0 8 1
387 0 0 4 0
387 0 0 4 1
1131 0 0 8 1
186 0 0 1 0
186 0 0 1 1
1563 0 0 8 1
819 0 0 4 0
819 0 0 4 1
1119 0 0 4 1
1419 0 0 4 0
1419 0 0 4 1
4703 0 0 8 1
821 0 0 1 0
821 0 0 1 1
7087 0 0 8 1
3803 0 0 4 0
3803 0 0 4 1
4003 0 0 4 1
4203 0 0 4 0
4203 0 0 4 1
8571 0 0 8 1
1092 0 0 1 0
1092 0 0 1 1
12771 0 0 8 1
8403 0 0 4 0
8403 0 0 4 1
18267 0 0 8 1
2466 0 0 1 0
2466 0 0 1 1
24003 0 0 8 1
14139 0 0 4 0
14139 0 0 4 1
30107 0 0 8 1
3992 0 0 1 0
3992 0 0 1 1
32243 0 0 8 1
16275 0 0 4 0
16275 0 0 4 1
39783 0 0 8 1
5877 0 0 1 0
5877 0 0 1 1
59967 0 0 8 1
36459 0 0 4 0
36459 0 0 4 1
80763 0 0 8 1
11076 0 0 1 0
11076 0 0 1 1
91779 0 0 8 1
47475 0 0 4 0
47475 0 0 4 1
95463 0 0 8 1
11997 0 0 1 0
11997 0 0 1 1
11998 0 0 1 1
59 5 7 5 66
0 1 2 3 4 5 6
9828 0 0 9 1 0
2 3 4 5 6
55888 0 0 14 1 0
1 2 3 4 5
97650 0 0 24 0 1
2 0 1
121836 0 0 11 1 0
0 1 2 3 4
142425 0 0 12 0 1
2 2 3
1 5
1 5
3 10
1 5
5 15
0 0 0 23 0
0 0 0 30 1
54 0 0 144 1
75 0 0 100 0
96 0 0 128 1
620 0 0 80 1
1593 0 0 108 0
2006 0 0 136 1
3146 0 0 176 1
609 0 0 29 0
357 0 0 17 1
11304 0 0 192 1
11997 0 0 124 0
7353 0 0 76 1
29406 0 0 208 1
6138 0 0 33 0
3906 0 0 21 1
43764 0 0 224 1
28665 0 0 140 0
18837 0 0 92 1
33570 0 0 120 1
25542 0 0 72 0
35475 0 0 100 1
150496 0 0 256 1
16420 0 0 20 0
22167 0 0 27 1
240958 0 0 272 1
83666 0 0 88 0
110287 0 0 116 1
68051 0 0 68 1
100872 0 0 96 0
130293 0 0 124 1
162849 0 0 152 1
28392 0 0 26 0
36036 0 0 33 1
268191 0 0 168 1
235284 0 0 112 0
294105 0 0 140 1
420141 0 0 184 1
73980 0 0 30 0
44388 0 0 18 1
600075 0 0 200 1
452448 0 0 128 0
282780 0 0 80 1
812889 0 0 216 1
135728 0 0 34 0
87824 0 0 22 1
935047 0 0 232 1
276675 0 0 68 0
390600 0 0 96 1
1233273 0 0 248 1
111663 0 0 19 0
152802 0 0 26 1
1978911 0 0 264 1
765639 0 0 84 0
1020852 0 0 112 1
2826705 0 0 280 1
254748 0 0 23 0
332280 0 0 30 1
1652022 0 0 144 1
1186875 0 0 100 0
1519200 0 0 128 1
1909260 0 0 160 1
323919 0 0 27 0
407898 0 0 34 1
263956 0 0 22 1
60 6 7 3 66
0 1 2 3 4 5 6
16275 0 0 4 1 0
1 2 3 4 5 6
47475 0 0 4 1 0
0 1 2 3 4 5
11997 0 0 1 0 1
2 0 1
1 6
1 6
3 12
0 0 0 1 0
0 0 0 1 1
3 0 0 8 1
3 0 0 4 0
3 0 0 4 1
31 0 0 4 1
59 0 0 4 0
59 0 0 4 1
143 0 0 8 1
21 0 0 1 0
21 0 0 1 1
471 0 0 8 1
387 0 0 4 0
387 0 0 4 1
1131 0 0 8 1
186 0 0 1 0
186 0 0 1 1
1563 0 0 8 1
819 0 0 4 0
819 0 0 4 1
1119 0 0 4 1
1419 0 0 4 0
1419 0 0 4 1
4703 0 0 8 1
821 0 0 1 0
821 0 0 1 1
7087 0 0 8 1
3803 0 0 4 0
3803 0 0 4 1
4003 0 0 4 1
4203 0 0 4 0
4203 0 0 4 1
8571 0 0 8 1
1092 0 0 1 0
1092 0 0 1 1
12771 0 0 8 1
8403 0 0 4 0
8403 0 0 4 1
18267 0 0 8 1
2466 0 0 1 0
2466 0 0 1 1
24003 0 0 8 1
14139 0 0 4 0
14139 0 0 4 1
30107 0 0 8 1
3992 0 0 1 0
3992 0 0 1 1
32243 0 0 8 1
16275 0 0 4 0
16275 0 0 4 1
39783 0 0 8 1
5877 0 0 1 0
5877 0 0 1 1
59967 0 0 8 1
36459 0 0 4 0
36459 0 0 4 1
80763 0 0 8 1
11076 0 0 1 0
11076 0 0 1 1
91779 0 0 8 1
47475 0 0 4 0
47475 0 0 4 1
95463 0 0 8 1
11997 0 0 1 0
11997 0 0 1 1
11998 0 0 1 1
61 6 7 3 66
0 1 2 3 4 5 6
179025 0 0 44 1 0
1 2 3 4 5 6
142425 0 0 12 1 0
0 1 2 3 4 5
95976 0 0 8 0 1
2 0 1
1 6
1 6
3 12
0 0 0 29 0
0 0 0 17 1
72 0 0 192 1
93 0 0 124 0
57 0 0 76 1
806 0 0 104 1
1947 0 0 132 0
1239 0 0 84 1
4004 0 0 224 1
735 0 0 35 0
483 0 0 23 1
14130 0 0 240 1
6966 0 0 72 0
9675 0 0 100 1
36192 0 0 256 1
3720 0 0 20 0
5022 0 0 27 1
53142 0 0 272 1
18018 0 0 88 0
23751 0 0 116 1
19023 0 0 68 1
34056 0 0 96 0
43989 0 0 124 1
89357 0 0 152 1
21346 0 0 26 0
27093 0 0 33 1
148827 0 0 168 1
106484 0 0 112 0
133105 0 0 140 1
92069 0 0 92 1
126090 0 0 120 0
75654 0 0 72 1
214275 0 0 200 1
34944 0 0 32 0
21840 0 0 20 1
344817 0 0 216 1
285702 0 0 136 0
184866 0 0 88 1
529743 0 0 232 1
41922 0 0 17 0
59184 0 0 24 1
744093 0 0 248 1
268641 0 0 76 0
367614 0 0 104 1
993531 0 0 264 1
83832 0 0 21 0
111776 0 0 28 1
1128505 0 0 280 1
374325 0 0 92 0
488250 0 0 120 1
716094 0 0 144 1
146925 0 0 25 0
188064 0 0 32 1
1199340 0 0 160 1
984393 0 0 108 0
1239606 0 0 136 1
1776786 0 0 176 1
321204 0 0 29 0
188292 0 0 17 1
2202696 0 0 192 1
1471725 0 0 124 0
902025 0 0 76 1
2482038 0 0 208 1
395901 0 0 33 0
251937 0 0 21 1
335944 0 0 28 1
62 7 7 1 66
0 1 2 3 4 5 6
11997 0 0 1 1 0
0 1 2 3 4 5 6
1 7
0 0 0 1 0
0 0 0 1 1
3 0 0 8 1
3 0 0 4 0
3 0 0 4 1
31 0 0 4 1
59 0 0 4 0
59 0 0 4 1
143 0 0 8 1
21 0 0 1 0
21 0 0 1 1
471 0 0 8 1
387 0 0 4 0
387 0 0 4 1
1131 0 0 8 1
186 0 0 1 0
186 0 0 1 1
1563 0 0 8 1
819 0 0 4 0
819 0 0 4 1
1119 0 0 4 1
1419 0 0 4 0
1419 0 0 4 1
4703 0 0 8 1
821 0 0 1 0
821 0 0 1 1
7087 0 0 8 1
3803 0 0 4 0
3803 0 0 4 1
4003 0 0 4 1
4203 0 0 4 0
4203 0 0 4 1
8571 0 0 8 1
1092 0 0 1 0
1092 0 0 1 1
12771 0 0 8 1
8403 0 0 4 0
8403 0 0 4 1
18267 0 0 8 1
2466 0 0 1 0
2466 0 0 1 1
24003 0 0 8 1
14139 0 0 4 0
14139 0 0 4 1
30107 0 0 8 1
3992 0 0 1 0
3992 0 0 1 1
32243 0 0 8 1
16275 0 0 4 0
16275 0 0 4 1
39783 0 0 8 1
5877 0 0 1 0
5877 0 0 1 1
59967 0 0 8 1
36459 0 0 4 0
36459 0 0 4 1
80763 0 0 8 1
11076 0 0 1 0
11076 0 0 1 1
91779 0 0 8 1
47475 0 0 4 0
47475 0 0 4 1
95463 0 0 8 1
11997 0 0 1 0
11997 0 0 1 1
11998 0 0 1 1
63 7 7 1 66
0 1 2 3 4 5 6
155961 0 0 13 1 0
0 1 2 3 4 5 6
1 7
0 0 0 35 0
0 0 0 23 1
90 0 0 240 1
54 0 0 72 0
75 0 0 100 1
992 0 0 128 1
1180 0 0 80 0
1593 0 0 108 1
4862 0 0 272 1
462 0 0 22 0
609 0 0 29 1
8007 0 0 136 1
9288 0 0 96 0
11997 0 0 124 1
21489 0 0 152 1
4836 0 0 26 0
6138 0 0 33 1
32823 0 0 168 1
22932 0 0 112 0
28665 0 0 140 1
25737 0 0 92 1
42570 0 0 120 0
25542 0 0 72 1
117575 0 0 200 1
26272 0 0 32 0
16420 0 0 20 1
191349 0 0 216 1
129302 0 0 136 0
83666 0 0 88 1
116087 0 0 116 1
71451 0 0 68 0
100872 0 0 96 1
265701 0 0 248 1
20748 0 0 19 0
28392 0 0 26 1
421443 0 0 264 1
176463 0 0 84 0
235284 0 0 112 1
639345 0 0 280 1
56718 0 0 23 0
73980 0 0 30 1
432054 0 0 144 1
353475 0 0 100 0
452448 0 0 128 1
602140 0 0 160 1
107784 0 0 27 0
135728 0 0 34 1
709346 0 0 176 1
471975 0 0 116 0
276675 0 0 68 1
954792 0 0 192 1
182187 0 0 31 0
111663 0 0 19 1
1559142 0 0 208 1
1203147 0 0 132 0
765639 0 0 84 1
2261364 0 0 224 1
387660 0 0 35 0
254748 0 0 23 1
2753370 0 0 240 1
854550 0 0 72 0
1186875 0 0 100 1
3054816 0 0 256 1
239940 0 0 20 0
323919 0 0 27 1
407932 0 0 34 1
64 1 6 6 48
0 1 2 3 4 5
0 0 0 1 6 0
0
1
2
3
4
5
3 0 0 4 0 1
2 0 1
59 0 0 4 0 1
2 2 6
110003 0 0 4 0 1
2 3 4
158139 0 0 4 0 1
2 5 8
248336 0 0 1 0 1
2 7 9
1 1
1 1
1 1
1 1
1 1
1 1
3 2
5 3
3 2
5 3
11 6
0 0 0 1 0
0 0 0 1 1
3 0 0 8 1
3 0 0 4 0
3 0 0 4 1
31 0 0 4 1
59 0 0 4 0
59 0 0 4 1
143 0 0 8 1
21 0 0 1 0
21 0 0 1 1
110087 0 0 8 1
110003 0 0 4 0
110003 0 0 4 1
134071 0 0 4 1
158139 0 0 4 0
158139 0 0 4 1
690063 0 0 8 1
132981 0 0 1 0
132981 0 0 1 1
381317 0 0 2 1
248336 0 0 1 0
248336 0 0 1 1
2001227 0 0 8 1
1007883 0 0 4 0
1007883 0 0 4 1
2017983 0 0 8 1
252525 0 0 1 0
252525 0 0 1 1
2774199 0 0 8 1
1764099 0 0 4 0
1764099 0 0 4 1
3547499 0 0 8 1
445850 0 0 1 0
445850 0 0 1 1
3569723 0 0 8 1
1786323 0 0 4 0
1786323 0 0 4 1
4764423 0 0 8 1
744525 0 0 1 0
744525 0 0 1 1
5981199 0 0 8 1
3003099 0 0 4 0
3003099 0 0 4 1
6009963 0 0 8 1
751716 0 0 1 0
751716 0 0 1 1
751717 0 0 1 1
65 1 6 6 48
0 1 2 3 4 5
0 0 0 2 6 0
0
1
2
3
4
5
21 0 0 28 0 1
2 0 1
708 0 0 48 0 1
2 2 6
440012 0 0 16 0 1
2 3 4
1423251 0 0 36 0 1
2 5 8
3476704 0 0 14 0 1
2 7 9
1 1
1 1
1 1
1 1
1 1
1 1
3 2
5 3
3 2
5 3
11 6
0 0 0 22 0
0 0 0 29 1
51 0 0 136 1
72 0 0 96 0
93 0 0 124 1
589 0 0 76 1
1534 0 0 104 0
1947 0 0 132 1
3003 0 0 168 1
588 0 0 28 0
735 0 0 35 1
2532001 0 0 184 1
3300090 0 0 120 0
1980054 0 0 72 1
3351775 0 0 100 1
5060448 0 0 128 0
3162780 0 0 80 1
18631701 0 0 216 1
4521354 0 0 34 0
2925582 0 0 22 1
11058193 0 0 58 1
4221712 0 0 17 0
5960064 0 0 24 1
62038037 0 0 248 1
19149777 0 0 76 0
26204958 0 0 104 1
66593439 0 0 264 1
5303025 0 0 21 0
7070700 0 0 28 1
97096965 0 0 280 1
40574277 0 0 92 0
52922970 0 0 120 1
63854982 0 0 144 1
11146250 0 0 25 0
14267200 0 0 32 1
71394460 0 0 160 1
48230721 0 0 108 0
60734982 0 0 136 1
104817306 0 0 176 1
21591225 0 0 29 0
12656925 0 0 17 1
143548776 0 0 192 1
93096069 0 0 124 0
57058881 0 0 76 1
156259038 0 0 208 1
24806628 0 0 33 0
15786036 0 0 21 1
21048076 0 0 28 1
66 2 6 9 48
0 1 2 3 4 5
3 0 0 4 1 0
0 1
59 0 0 4 1 0
1 2
21 0 0 1 0 1
2 0 1
110003 0 0 4 1 0
3 4
158139 0 0 4 1 0
4 5
132981 0 0 1 0 1
2 3 4
248336 0 0 1 1 0
2 3
1007883 0 0 4 0 1
2 2 6
1764099 0 0 4 0 1
2 5 7
1 2
1 2
3 4
1 2
1 2
3 4
1 2
5 6
9 10
0 0 0 1 0
0 0 0 1 1
3 0 0 8 1
3 0 0 4 0
3 0 0 4 1
31 0 0 4 1
59 0 0 4 0
59 0 0 4 1
143 0 0 8 1
21 0 0 1 0
21 0 0 1 1
110087 0 0 8 1
110003 0 0 4 0
110003 0 0 4 1
134071 0 0 4 1
158139 0 0 4 0
158139 0 0 4 1
690063 0 0 8 1
132981 0 0 1 0
132981 0 0 1 1
381317 0 0 2 1
248336 0 0 1 0
248336 0 0 1 1
2001227 0 0 8 1
1007883 0 0 4 0
1007883 0 0 4 1
2017983 0 0 8 1
252525 0 0 1 0
252525 0 0 1 1
2774199 0 0 8 1
1764099 0 0 4 0
1764099 0 0 4 1
3547499 0 0 8 1
445850 0 0 1 0
445850 0 0 1 1
3569723 0 0 8 1
1786323 0 0 4 0
1786323 0 0 4 1
4764423 0 0 8 1
744525 0 0 1 0
744525 0 0 1 1
5981199 0 0 8 1
3003099 0 0 4 0
3003099 0 0 4 1
6009963 0 0 8 1
751716 0 0 1 0
751716 0 0 1 1
751717 0 0 1 1
67 2 6 9 48
0 1 2 3 4 5
12 0 0 16 1 0
0 1
531 0 0 36 1 0
1 2
294 0 0 14 0 1
2 0 1
660018 0 0 24 1 0
3 4
1739529 0 0 44 1 0
4 5
398943 0 0 3 0 1
2 3 4
1986688 0 0 8 1 0
2 3
13102479 0 0 52 0 1
2 2 6
8820495 0 0 20 0 1
2 5 7
1 2
1 2
3 4
1 2
1 2
3 4
1 2
5 6
9 10
0 0 0 28 0
0 0 0 35 1
69 0 0 184 1
90 0 0 120 0
54 0 0 72 1
775 0 0 100 1
1888 0 0 128 0
1180 0 0 80 1
3861 0 0 216 1
714 0 0 34 0
462 0 0 22 1
3192523 0 0 232 1
1870051 0 0 68 0
2640072 0 0 96 1
4156201 0 0 124 1
3004641 0 0 76 0
4111614 0 0 104 1
22772079 0 0 264 1
2792601 0 0 21 0
3723468 0 0 28 1
13346095 0 0 70 1
5711728 0 0 23 0
7450080 0 0 30 1
36022086 0 0 144 1
25197075 0 0 100 0
32252256 0 0 128 1
40359660 0 0 160 1
6818175 0 0 27 0
8585850 0 0 34 1
61032378 0 0 176 1
51158871 0 0 116 0
29989683 0 0 68 1
85139976 0 0 192 1
13821350 0 0 31 0
8471150 0 0 19 1
92812798 0 0 208 1
58948659 0 0 132 0
37512783 0 0 84 1
133403844 0 0 224 1
26058375 0 0 35 0
17124075 0 0 23 1
179435970 0 0 240 1
54055782 0 0 72 0
75077475 0 0 100 1
192318816 0 0 256 1
15034320 0 0 20 0
20296332 0 0 27 1
25558378 0 0 34 1
68 3 6 7 48
0 1 2 3 4 5
21 0 0 1 1 0
0 1 2
132981 0 0 1 1 0
3 4 5
1007883 0 0 4 1 0
1 2 3
252525 0 0 1 0 1
2 0 2
1764099 0 0 4 1 0
2 3 4
445850 0 0 1 0 1
2 3 4
744525 0 0 1 0 1
2 1 5
1 3
1 3
1 3
3 6
1 3
5 9
7 12
0 0 0 1 0
0 0 0 1 1
3 0 0 8 1
3 0 0 4 0
3 0 0 4 1
31 0 0 4 1
59 0 0 4 0
59 0 0 4 1
143 0 0 8 1
21 0 0 1 0
21 0 0 1 1
110087 0 0 8 1
110003 0 0 4 0
110003 0 0 4 1
134071 0 0 4 1
158139 0 0 4 0
158139 0 0 4 1
690063 0 0 8 1
132981 0 0 1 0
132981 0 0 1 1
381317 0 0 2 1
248336 0 0 1 0
248336 0 0 1 1
2001227 0 0 8 1
1007883 0 0 4 0
1007883 0 0 4 1
2017983 0 0 8 1
252525 0 0 1 0
252525 0 0 1 1
2774199 0 0 8 1
1764099 0 0 4 0
1764099 0 0 4 1
3547499 0 0 8 1
445850 0 0 1 0
445850 0 0 1 1
3569723 0 0 8 1
1786323 0 0 4 0
1786323 0 0 4 1
4764423 0 0 8 1
744525 0 0 1 0
744525 0 0 1 1
5981199 0 0 8 1
3003099 0 0 4 0
3003099 0 0 4 1
6009963 0 0 8 1
751716 0 0 1 0
751716 0 0 1 1
751717 0 0 1 1
69 3 6 7 48
0 1 2 3 4 5
126 0 0 6 1 0
0 1 2
1462791 0 0 11 1 0
3 4 5
3023649 0 0 12 1 0
1 2 3
2020200 0 0 8 0 1
2 0 2
22933287 0 0 52 1 0
2 3 4
2229250 0 0 5 0 1
2 3 4
7445250 0 0 10 0 1
2 1 5
1 3
1 3
1 3
3 6
1 3
5 9
7 12
0 0 0 34 0
0 0 0 22 1
87 0 0 232 1
51 0 0 68 0
72 0 0 96 1
961 0 0 124 1
1121 0 0 76 0
1534 0 0 104 1
4719 0 0 264 1
441 0 0 21 0
588 0 0 28 1
3853045 0 0 280 1
2530069 0 0 92 0
3300090 0 0 120 1
2413278 0 0 72 1
3953475 0 0 100 0
5060448 0 0 128 1
13801260 0 0 160 1
3590487 0 0 27 0
4521354 0 0 34 1
8388974 0 0 44 1
7201744 0 0 29 0
4221712 0 0 17 1
48029448 0 0 192 1
31244373 0 0 124 0
19149777 0 0 76 1
52467558 0 0 208 1
8333325 0 0 33 0
5303025 0 0 21 1
77677572 0 0 224 1
61743465 0 0 140 0
40574277 0 0 92 1
106424970 0 0 240 1
8025300 0 0 18 0
11146250 0 0 25 1
114231136 0 0 256 1
35726460 0 0 80 0
48230721 0 0 108 1
161990382 0 0 272 1
16379550 0 0 22 0
21591225 0 0 29 1
101680383 0 0 136 1
72074376 0 0 96 0
93096069 0 0 124 1
114189297 0 0 152 1
19544616 0 0 26 0
24806628 0 0 33 1
15786057 0 0 21 1
70 4 6 5 48
0 1 2 3 4 5
252525 0 0 1 1 0
0 1 2 3
445850 0 0 1 1 0
1 2 3 4
1786323 0 0 4 0 1
2 0 1
744525 0 0 1 1 0
2 3 4 5
3003099 0 0 4 0 1
2 2 3
1 4
1 4
3 8
1 4
5 12
0 0 0 1 0
0 0 0 1 1
3 0 0 8 1
3 0 0 4 0
3 0 0 4 1
31 0 0 4 1
59 0 0 4 0
59 0 0 4 1
143 0 0 8 1
21 0 0 1 0
21 0 0 1 1
110087 0 0 8 1
110003 0 0 4 0
110003 0 0 4 1
134071 0 0 4 1
158139 0 0 4 0
158139 0 0 4 1
690063 0 0 8 1
132981 0 0 1 0
132981 0 0 1 1
381317 0 0 2 1
248336 0 0 1 0
248336 0 0 1 1
2001227 0 0 8 1
1007883 0 0 4 0
1007883 0 0 4 1
2017983 0 0 8 1
252525 0 0 1 0
252525 0 0 1 1
2774199 0 0 8 1
1764099 0 0 4 0
1764099 0 0 4 1
3547499 0 0 8 1
445850 0 0 1 0
445850 0 0 1 1
3569723 0 0 8 1
1786323 0 0 4 0
1786323 0 0 4 1
4764423 0 0 8 1
744525 0 0 1 0
744525 0 0 1 1
5981199 0 0 8 1
3003099 0 0 4 0
3003099 0 0 4 1
6009963 0 0 8 1
751716 0 0 1 0
751716 0 0 1 1
751717 0 0 1 1
71 4 6 5 48
0 1 2 3 4 5
2020200 0 0 8 1 0
0 1 2 3
5796050 0 0 13 1 0
1 2 3 4
8931615 0 0 20 0 1
2 0 1
7445250 0 0 10 1 0
2 3 4 5
6006198 0 0 8 0 1
2 2 3
1 4
1 4
3 8
1 4
5 12
0 0 0 21 0
0 0 0 28 1
105 0 0 280 1
69 0 0 92 0
90 0 0 120 1
558 0 0 72 1
1475 0 0 100 0
1888 0 0 128 1
2860 0 0 160 1
567 0 0 27 0
714 0 0 34 1
2421914 0 0 176 1
3190087 0 0 116 0
1870051 0 0 68 1
3217704 0 0 96 1
4902309 0 0 124 0
3004641 0 0 76 1
17941638 0 0 208 1
4388373 0 0 33 0
2792601 0 0 21 1
10676876 0 0 56 1
8691760 0 0 35 0
5711728 0 0 23 1
60036810 0 0 240 1
18141894 0 0 72 0
25197075 0 0 100 1
64575456 0 0 256 1
5050500 0 0 20 0
6818175 0 0 27 1
94322766 0 0 272 1
38810178 0 0 88 0
51158871 0 0 116 1
60307483 0 0 136 1
10700400 0 0 24 0
13821350 0 0 31 1
67824737 0 0 152 1
46444398 0 0 104 0
58948659 0 0 132 1
100052883 0 0 168 1
20846700 0 0 28 0
26058375 0 0 35 1
137567577 0 0 184 1
90092970 0 0 120 0
54055782 0 0 72 1
150249075 0 0 200 1
24054912 0 0 32 0
15034320 0 0 20 1
20296359 0 0 27 1
72 5 6 3 48
0 1 2 3 4 5
1786323 0 0 4 1 0
0 1 2 3 4
3003099 0 0 4 1 0
1 2 3 4 5
751716 0 0 1 0 1
2 0 1
1 5
1 5
3 10
0 0 0 1 0
0 0 0 1 1
3 0 0 8 1
3 0 0 4 0
3 0 0 4 1
31 0 0 4 1
59 0 0 4 0
59 0 0 4 1
143 0 0 8 1
21 0 0 1 0
21 0 0 1 1
110087 0 0 8 1
110003 0 0 4 0
110003 0 0 4 1
134071 0 0 4 1
158139 0 0 4 0
158139 0 0 4 1
690063 0 0 8 1
132981 0 0 1 0
132981 0 0 1 1
381317 0 0 2 1
248336 0 0 1 0
248336 0 0 1 1
2001227 0 0 8 1
1007883 0 0 4 0
1007883 0 0 4 1
2017983 0 0 8 1
252525 0 0 1 0
252525 0 0 1 1
2774199 0 0 8 1
1764099 0 0 4 0
1764099 0 0 4 1
3547499 0 0 8 1
445850 0 0 1 0
445850 0 0 1 1
3569723 0 0 8 1
1786323 0 0 4 0
1786323 0 0 4 1
4764423 0 0 8 1
744525 0 0 1 0
744525 0 0 1 1
5981199 0 0 8 1
3003099 0 0 4 0
3003099 0 0 4 1
6009963 0 0 8 1
751716 0 0 1 0
751716 0 0 1 1
751717 0 0 1 1
73 5 6 3 48
0 1 2 3 4 5
17863230 0 0 40 1 0
0 1 2 3 4
6006198 0 0 8 1 0
1 2 3 4 5
5262012 0 0 7 0 1
2 0 1
1 5
1 5
3 10
0 0 0 27 0
0 0 0 34 1
66 0 0 176 1
87 0 0 116 0
51 0 0 68 1
744 0 0 96 1
1829 0 0 124 0
1121 0 0 76 1
3718 0 0 208 1
693 0 0 33 0
441 0 0 21 1
3082436 0 0 224 1
3850105 0 0 140 0
2530069 0 0 92 1
4022130 0 0 120 1
2846502 0 0 72 0
3953475 0 0 100 1
22082016 0 0 256 1
2659620 0 0 20 0
3590487 0 0 27 1
12964778 0 0 68 1
5463392 0 0 22 0
7201744 0 0 29 1
34020859 0 0 136 1
24189192 0 0 96 0
31244373 0 0 124 1
38341677 0 0 152 1
6565650 0 0 26 0
8333325 0 0 33 1
58258179 0 0 168 1
49394772 0 0 112 0
61743465 0 0 140 1
81592477 0 0 184 1
13375500 0 0 30 0
8025300 0 0 18 1
89243075 0 0 200 1
57162336 0 0 128 0
35726460 0 0 80 1
128639421 0 0 216 1
25313850 0 0 34 0
16379550 0 0 22 1
173454771 0 0 232 1
51052683 0 0 68 0
72074376 0 0 96 1
186308853 0 0 248 1
14282604 0 0 19 0
19544616 0 0 26 1
24806661 0 0 33 1
74 6 6 1 48
0 1 2 3 4 5
751716 0 0 1 1 0
0 1 2 3 4 5
1 6
0 0 0 1 0
0 0 0 1 1
3 0 0 8 1
3 0 0 4 0
3 0 0 4 1
31 0 0 4 1
59 0 0 4 0
59 0 0 4 1
143 0 0 8 1
21 0 0 1 0
21 0 0 1 1
110087 0 0 8 1
110003 0 0 4 0
110003 0 0 4 1
134071 0 0 4 1
158139 0 0 4 0
158139 0 0 4 1
690063 0 0 8 1
132981 0 0 1 0
132981 0 0 1 1
381317 0 0 2 1
248336 0 0 1 0
248336 0 0 1 1
2001227 0 0 8 1
1007883 0 0 4 0
1007883 0 0 4 1
2017983 0 0 8 1
252525 0 0 1 0
252525 0 0 1 1
2774199 0 0 8 1
1764099 0 0 4 0
1764099 0 0 4 1
3547499 0 0 8 1
445850 0 0 1 0
445850 0 0 1 1
3569723 0 0 8 1
1786323 0 0 4 0
1786323 0 0 4 1
4764423 0 0 8 1
744525 0 0 1 0
744525 0 0 1 1
5981199 0 0 8 1
3003099 0 0 4 0
3003099 0 0 4 1
6009963 0 0 8 1
751716 0 0 1 0
751716 0 0 1 1
751717 0 0 1 1
75 6 6 1 48
0 1 2 3 4 5
9020592 0 0 12 1 0
0 1 2 3 4 5
1 6
0 0 0 33 0
0 0 0 21 1
84 0 0 224 1
105 0 0 140 0
69 0 0 92 1
930 0 0 120 1
1062 0 0 72 0
1475 0 0 100 1
4576 0 0 256 1
420 0 0 20 0
567 0 0 27 1
3742958 0 0 272 1
2420066 0 0 88 0
3190087 0 0 116 1
2279207 0 0 68 1
3795336 0 0 96 0
4902309 0 0 124 1
13111197 0 0 152 1
3457506 0 0 26 0
4388373 0 0 33 1
8007657 0 0 42 1
6953408 0 0 28 0
8691760 0 0 35 1
46028221 0 0 184 1
30236490 0 0 120 0
18141894 0 0 72 1
50449575 0 0 200 1
8080800 0 0 32 0
5050500 0 0 20 1
74903373 0 0 216 1
59979366 0 0 136 0
38810178 0 0 88 1
102877471 0 0 232 1
7579450 0 0 17 0
10700400 0 0 24 1
110661413 0 0 248 1
33940137 0 0 76 0
46444398 0 0 104 1
157225959 0 0 264 1
15635025 0 0 21 0
20846700 0 0 28 1
209341965 0 0 280 1
69071277 0 0 92 0
90092970 0 0 120 1
108179334 0 0 144 1
18792900 0 0 25 0
24054912 0 0 32 1
15034340 0 0 20 1
76 1 6 6 48
0 1 2 3 4 5
0 0 0 1 6 0
0
1
2
3
4
5
3 0 0 4 0 1
2 4 5
59 0 0 4 0 1
2 3 6
110003 0 0 4 0 1
2 1 2
158139 0 0 4 0 1
2 0 8
248336 0 0 1 0 1
2 7 9
1 1
1 1
1 1
1 1
1 1
1 1
3 2
5 3
3 2
5 3
11 6
0 0 0 1 0
0 0 0 1 1
3 0 0 8 1
3 0 0 4 0
3 0 0 4 1
31 0 0 4 1
59 0 0 4 0
59 0 0 4 1
143 0 0 8 1
21 0 0 1 0
21 0 0 1 1
110087 0 0 8 1
110003 0 0 4 0
110003 0 0 4 1
134071 0 0 4 1
158139 0 0 4 0
158139 0 0 4 1
690063 0 0 8 1
132981 0 0 1 0
132981 0 0 1 1
381317 0 0 2 1
248336 0 0 1 0
248336 0 0 1 1
2001227 0 0 8 1
1007883 0 0 4 0
1007883 0 0 4 1
2017983 0 0 8 1
252525 0 0 1 0
252525 0 0 1 1
2774199 0 0 8 1
1764099 0 0 4 0
1764099 0 0 4 1
3547499 0 0 8 1
445850 0 0 1 0
445850 0 0 1 1
3569723 0 0 8 1
1786323 0 0 4 0
1786323 0 0 4 1
4764423 0 0 8 1
744525 0 0 1 0
744525 0 0 1 1
5981199 0 0 8 1
3003099 0 0 4 0
3003099 0 0 4 1
6009963 0 0 8 1
751716 0 0 1 0
751716 0 0 1 1
751717 0 0 1 1
77 1 6 6 48
0 1 2 3 4 5
0 0 0 14 6 0
0
1
2
3
4
5
18 0 0 24 0 1
2 4 5
649 0 0 44 0 1
2 3 6
330009 0 0 12 0 1
2 1 2
1265112 0 0 32 0 1
2 0 8
3228368 0 0 13 0 1
2 7 9
1 1
1 1
1 1
1 1
1 1
1 1
3 2
5 3
3 2
5 3
11 6
0 0 0 20 0
0 0 0 27 1
102 0 0 272 1
66 0 0 88 0
87 0 0 116 1
527 0 0 68 1
1416 0 0 96 0
1829 0 0 124 1
2717 0 0 152 1
546 0 0 26 0
693 0 0 33 1
2311827 0 0 168 1
3080084 0 0 112 0
3850105 0 0 140 1
3083633 0 0 92 1
4744170 0 0 120 0
2846502 0 0 72 1
17251575 0 0 200 1
4255392 0 0 32 0
2659620 0 0 20 1
10295559 0 0 54 1
8443424 0 0 34 0
5463392 0 0 22 1
58035583 0 0 232 1
17134011 0 0 68 0
24189192 0 0 96 1
62557473 0 0 248 1
4797975 0 0 19 0
6565650 0 0 26 1
91548567 0 0 264 1
37046079 0 0 84 0
49394772 0 0 112 1
124162465 0 0 280 1
10254550 0 0 23 0
13375500 0 0 30 1
64255014 0 0 144 1
44658075 0 0 100 0
57162336 0 0 128 1
95288460 0 0 160 1
20102175 0 0 27 0
25313850 0 0 34 1
131586378 0 0 176 1
87089871 0 0 116 0
51052683 0 0 68 1
144239112 0 0 192 1
23303196 0 0 31 0
14282604 0 0 19 1
19544642 0 0 26 1
78 2 6 9 48
0 1 2 3 4 5
3 0 0 4 1 0
4 5
59 0 0 4 1 0
3 4
21 0 0 1 0 1
2 0 1
110003 0 0 4 1 0
1 2
158139 0 0 4 1 0
0 1
132981 0 0 1 0 1
2 3 4
248336 0 0 1 1 0
2 3
1007883 0 0 4 0 1
2 2 6
1764099 0 0 4 0 1
2 5 7
1 2
1 2
3 4
1 2
1 2
3 4
1 2
5 6
9 10
0 0 0 1 0
0 0 0 1 1
3 0 0 8 1
3 0 0 4 0
3 0 0 4 1
31 0 0 4 1
59 0 0 4 0
59 0 0 4 1
143 0 0 8 1
21 0 0 1 0
21 0 0 1 1
110087 0 0 8 1
110003 0 0 4 0
110003 0 0 4 1
134071 0 0 4 1
158139 0 0 4 0
158139 0 0 4 1
690063 0 0 8 1
132981 0 0 1 0
132981 0 0 1 1
381317 0 0 2 1
248336 0 0 1 0
248336 0 0 1 1
2001227 0 0 8 1
1007883 0 0 4 0
1007883 0 0 4 1
2017983 0 0 8 1
252525 0 0 1 0
252525 0 0 1 1
2774199 0 0 8 1
1764099 0 0 4 0
1764099 0 0 4 1
3547499 0 0 8 1
445850 0 0 1 0
445850 0 0 1 1
3569723 0 0 8 1
1786323 0 0 4 0
1786323 0 0 4 1
4764423 0 0 8 1
744525 0 0 1 0
744525 0 0 1 1
5981199 0 0 8 1
3003099 0 0 4 0
3003099 0 0 4 1
6009963 0 0 8 1
751716 0 0 1 0
751716 0 0 1 1
751717 0 0 1 1
79 2 6 9 48
0 1 2 3 4 5
9 0 0 12 1 0
4 5
472 0 0 32 1 0
3 4
273 0 0 13 0 1
2 0 1
550015 0 0 20 1 0
1 2
1581390 0 0 40 1 0
0 1
265962 0 0 2 0 1
2 3 4
1738352 0 0 7 1 0
2 3
12094596 0 0 48 0 1
2 2 6
7056396 0 0 16 0 1
2 5 7
1 2
1 2
3 4
1 2
1 2
3 4
1 2
5 6
9 10
0 0 0 26 0
0 0 0 33 1
63 0 0 168 1
84 0 0 112 0
105 0 0 140 1
713 0 0 92 1
1770 0 0 120 0
1062 0 0 72 1
3575 0 0 200 1
672 0 0 32 0
420 0 0 20 1
2972349 0 0 216 1
3740102 0 0 136 0
2420066 0 0 88 1
3888059 0 0 116 1
2688363 0 0 68 0
3795336 0 0 96 1
21391953 0 0 248 1
2526639 0 0 19 0
3457506 0 0 26 1
12583461 0 0 66 1
5215056 0 0 21 0
6953408 0 0 28 1
70042945 0 0 280 1
23181309 0 0 92 0
30236490 0 0 120 1
36323694 0 0 144 1
6313125 0 0 25 0
8080800 0 0 32 1
55483980 0 0 160 1
47630673 0 0 108 0
59979366 0 0 136 1
78044978 0 0 176 1
12929650 0 0 29 0
7579450 0 0 17 1
85673352 0 0 192 1
55376013 0 0 124 0
33940137 0 0 76 1
123874998 0 0 208 1
24569325 0 0 33 0
15635025 0 0 21 1
167473572 0 0 224 1
105108465 0 0 140 0
69071277 0 0 92 1
180298890 0 0 240 1
13530888 0 0 18 0
18792900 0 0 25 1
24054944 0 0 32 1
80 3 6 7 48
0 1 2 3 4 5
21 0 0 1 1 0
3 4 5
132981 0 0 1 1 0
0 1 2
1007883 0 0 4 1 0
2 3 4
252525 0 0 1 0 1
2 0 2
1764099 0 0 4 1 0
1 2 3
445850 0 0 1 0 1
2 3 4
744525 0 0 1 0 1
2 1 5
1 3
1 3
1 3
3 6
1 3
5 9
7 12
0 0 0 1 0
0 0 0 1 1
3 0 0 8 1
3 0 0 4 0
3 0 0 4 1
31 0 0 4 1
59 0 0 4 0
59 0 0 4 1
143 0 0 8 1
21 0 0 1 0
21 0 0 1 1
110087 0 0 8 1
110003 0 0 4 0
110003 0 0 4 1
134071 0 0 4 1
158139 0 0 4 0
158139 0 0 4 1
690063 0 0 8 1
132981 0 0 1 0
132981 0 0 1 1
381317 0 0 2 1
248336 0 0 1 0
248336 0 0 1 1
2001227 0 0 8 1
1007883 0 0 4 0
1007883 0 0 4 1
2017983 0 0 8 1
252525 0 0 1 0
252525 0 0 1 1
2774199 0 0 8 1
1764099 0 0 4 0
1764099 0 0 4 1
3547499 0 0 8 1
445850 0 0 1 0
445850 0 0 1 1
3569723 0 0 8 1
1786323 0 0 4 0
1786323 0 0 4 1
4764423 0 0 8 1
744525 0 0 1 0
744525 0 0 1 1
5981199 0 0 8 1
3003099 0 0 4 0
3003099 0 0 4 1
6009963 0 0 8 1
751716 0 0 1 0
751716 0 0 1 1
751717 0 0 1 1
81 3 6 7 48
0 1 2 3 4 5
105 0 0 5 1 0
3 4 5
1329810 0 0 10 1 0
0 1 2
2015766 0 0 8 1 0
2 3 4
1767675 0 0 7 0 1
2 0 2
21169188 0 0 48 1 0
1 2 3
1783400 0 0 4 0 1
2 3 4
6700725 0 0 9 0 1
2 1 5
1 3
1 3
1 3
3 6
1 3
5 9
7 12
0 0 0 32 0
0 0 0 20 1
81 0 0 216 1
102 0 0 136 0
66 0 0 88 1
899 0 0 116 1
1003 0 0 68 0
1416 0 0 96 1
4433 0 0 248 1
399 0 0 19 0
546 0 0 26 1
3632871 0 0 264 1
2310063 0 0 84 0
3080084 0 0 112 1
4692485 0 0 140 1
3637197 0 0 92 0
4744170 0 0 120 1
12421134 0 0 144 1
3324525 0 0 25 0
4255392 0 0 32 1
7626340 0 0 40 1
6705072 0 0 27 0
8443424 0 0 34 1
44026994 0 0 176 1
29228607 0 0 116 0
17134011 0 0 68 1
48431592 0 0 192 1
7828275 0 0 31 0
4797975 0 0 19 1
72129174 0 0 208 1
58215267 0 0 132 0
37046079 0 0 84 1
99329972 0 0 224 1
15604750 0 0 35 0
10254550 0 0 23 1
107091690 0 0 240 1
32153814 0 0 72 0
44658075 0 0 100 1
152461536 0 0 256 1
14890500 0 0 20 0
20102175 0 0 27 1
203360766 0 0 272 1
66068178 0 0 88 0
87089871 0 0 116 1
102169371 0 0 136 1
18041184 0 0 24 0
23303196 0 0 31 1
14282623 0 0 19 1
82 4 6 5 48
0 1 2 3 4 5
252525 0 0 1 1 0
2 3 4 5
445850 0 0 1 1 0
1 2 3 4
1786323 0 0 4 0 1
2 0 1
744525 0 0 1 1 0
0 1 2 3
3003099 0 0 4 0 1
2 2 3
1 4
1 4
3 8
1 4
5 12
0 0 0 1 0
0 0 0 1 1
3 0 0 8 1
3 0 0 4 0
3 0 0 4 1
31 0 0 4 1
59 0 0 4 0
59 0 0 4 1
143 0 0 8 1
21 0 0 1 0
21 0 0 1 1
110087 0 0 8 1
110003 0 0 4 0
110003 0 0 4 1
134071 0 0 4 1
158139 0 0 4 0
158139 0 0 4 1
690063 0 0 8 1
132981 0 0 1 0
132981 0 0 1 1
381317 0 0 2 1
248336 0 0 1 0
248336 0 0 1 1
2001227 0 0 8 1
1007883 0 0 4 0
1007883 0 0 4 1
2017983 0 0 8 1
252525 0 0 1 0
252525 0 0 1 1
2774199 0 0 8 1
1764099 0 0 4 0
1764099 0 0 4 1
3547499 0 0 8 1
445850 0 0 1 0
445850 0 0 1 1
3569723 0 0 8 1
1786323 0 0 4 0
1786323 0 0 4 1
4764423 0 0 8 1
744525 0 0 1 0
744525 0 0 1 1
5981199 0 0 8 1
3003099 0 0 4 0
3003099 0 0 4 1
6009963 0 0 8 1
751716 0 0 1 0
751716 0 0 1 1
751717 0 0 1 1
83 4 6 5 48
0 1 2 3 4 5
1767675 0 0 7 1 0
2 3 4 5
5350200 0 0 12 1 0
1 2 3 4
7145292 0 0 16 0 1
2 0 1
6700725 0 0 9 1 0
0 1 2 3
42043386 0 0 56 0 1
2 2 3
1 4
1 4
3 8
1 4
5 12
0 0 0 19 0
0 0 0 26 1
99 0 0 264 1
63 0 0 84 0
84 0 0 112 1
1085 0 0 140 1
1357 0 0 92 0
1770 0 0 120 1
2574 0 0 144 1
525 0 0 25 0
672 0 0 32 1
2201740 0 0 160 1
2970081 0 0 108 0
3740102 0 0 136 1
2949562 0 0 88 1
4586031 0 0 116 0
2688363 0 0 68 1
16561512 0 0 192 1
4122411 0 0 31 0
2526639 0 0 19 1
9914242 0 0 52 1
8195088 0 0 33 0
5215056 0 0 21 1
56034356 0 0 224 1
35275905 0 0 140 0
23181309 0 0 92 1
60539490 0 0 240 1
4545450 0 0 18 0
6313125 0 0 25 1
88774368 0 0 256 1
35281980 0 0 80 0
47630673 0 0 108 1
120614966 0 0 272 1
9808700 0 0 22 0
12929650 0 0 29 1
60685291 0 0 136 1
42871752 0 0 96 0
55376013 0 0 124 1
90524037 0 0 152 1
19357650 0 0 26 0
24569325 0 0 33 1
125605179 0 0 168 1
84086772 0 0 112 0
105108465 0 0 140 1
138229149 0 0 184 1
22551480 0 0 30 0
13530888 0 0 18 1
18792925 0 0 25 1
84 5 6 3 48
0 1 2 3 4 5
1786323 0 0 4 1 0
1 2 3 4 5
3003099 0 0 4 1 0
0 1 2 3 4
751716 0 0 1 0 1
2 0 1
1 5
1 5
3 10
0 0 0 1 0
0 0 0 1 1
3 0 0 8 1
3 0 0 4 0
3 0 0 4 1
31 0 0 4 1
59 0 0 4 0
59 0 0 4 1
143 0 0 8 1
21 0 0 1 0
21 0 0 1 1
110087 0 0 8 1
110003 0 0 4 0
110003 0 0 4 1
134071 0 0 4 1
158139 0 0 4 0
158139 0 0 4 1
690063 0 0 8 1
132981 0 0 1 0
132981 0 0 1 1
381317 0 0 2 1
248336 0 0 1 0
248336 0 0 1 1
2001227 0 0 8 1
1007883 0 0 4 0
1007883 0 0 4 1
2017983 0 0 8 1
252525 0 0 1 0
252525 0 0 1 1
2774199 0 0 8 1
1764099 0 0 4 0
1764099 0 0 4 1
3547499 0 0 8 1
445850 0 0 1 0
445850 0 0 1 1
3569723 0 0 8 1
1786323 0 0 4 0
1786323 0 0 4 1
4764423 0 0 8 1
744525 0 0 1 0
744525 0 0 1 1
5981199 0 0 8 1
3003099 0 0 4 0
3003099 0 0 4 1
6009963 0 0 8 1
751716 0 0 1 0
751716 0 0 1 1
751717 0 0 1 1
85 5 6 3 48
0 1 2 3 4 5
16076907 0 0 36 1 0
1 2 3 4 5
42043386 0 0 56 1 0
0 1 2 3 4
4510296 0 0 6 0 1
2 0 1
1 5
1 5
3 10
0 0 0 25 0
0 0 0 32 1
60 0 0 160 1
81 0 0 108 0
102 0 0 136 1
682 0 0 88 1
1711 0 0 116 0
1003 0 0 68 1
3432 0 0 192 1
651 0 0 31 0
399 0 0 19 1
2862262 0 0 208 1
3630099 0 0 132 0
2310063 0 0 84 1
3753988 0 0 112 1
5534865 0 0 140 0
3637197 0 0 92 1
20701890 0 0 240 1
2393658 0 0 18 0
3324525 0 0 25 1
12202144 0 0 64 1
4966720 0 0 20 0
6705072 0 0 27 1
68041718 0 0 272 1
22173426 0 0 88 0
29228607 0 0 116 1
34305711 0 0 136 1
6060600 0 0 24 0
7828275 0 0 31 1
52709781 0 0 152 1
45866574 0 0 104 0
58215267 0 0 132 1
74497479 0 0 168 1
12483800 0 0 28 0
15604750 0 0 35 1
82103629 0 0 184 1
53589690 0 0 120 0
32153814 0 0 72 1
119110575 0 0 200 1
23824800 0 0 32 0
14890500 0 0 20 1
161492373 0 0 216 1
102105366 0 0 136 0
66068178 0 0 88 1
174288927 0 0 232 1
12779172 0 0 17 0
18041184 0 0 24 1
23303227 0 0 31 1
86 6 6 1 48
0 1 2 3 4 5
751716 0 0 1 1 0
0 1 2 3 4 5
1 6
0 0 0 1 0
0 0 0 1 1
3 0 0 8 1
3 0 0 4 0
3 0 0 4 1
31 0 0 4 1
59 0 0 4 0
59 0 0 4 1
143 0 0 8 1
21 0 0 1 0
21 0 0 1 1
110087 0 0 8 1
110003 0 0 4 0
110003 0 0 4 1
134071 0 0 4 1
158139 0 0 4 0
158139 0 0 4 1
690063 0 0 8 1
132981 0 0 1 0
132981 0 0 1 1
381317 0 0 2 1
248336 0 0 1 0
248336 0 0 1 1
2001227 0 0 8 1
1007883 0 0 4 0
1007883 0 0 4 1
2017983 0 0 8 1
252525 0 0 1 0
252525 0 0 1 1
2774199 0 0 8 1
1764099 0 0 4 0
1764099 0 0 4 1
3547499 0 0 8 1
445850 0 0 1 0
445850 0 0 1 1
3569723 0 0 8 1
1786323 0 0 4 0
1786323 0 0 4 1
4764423 0 0 8 1
744525 0 0 1 0
744525 0 0 1 1
5981199 0 0 8 1
3003099 0 0 4 0
3003099 0 0 4 1
6009963 0 0 8 1
751716 0 0 1 0
751716 0 0 1 1
751717 0 0 1 1
87 6 6 1 48
0 1 2 3 4 5
8268876 0 0 11 1 0
0 1 2 3 4 5
1 6
0 0 0 31 0
0 0 0 19 1
78 0 0 208 1
99 0 0 132 0
63 0 0 84 1
868 0 0 112 1
2065 0 0 140 0
1357 0 0 92 1
4290 0 0 240 1
378 0 0 18 0
525 0 0 25 1
3522784 0 0 256 1
2200060 0 0 80 0
2970081 0 0 108 1
4558414 0 0 136 1
3479058 0 0 88 0
4586031 0 0 116 1
11731071 0 0 136 1
3191544 0 0 24 0
4122411 0 0 31 1
7245023 0 0 38 1
6456736 0 0 26 0
8195088 0 0 33 1
42025767 0 0 168 1
28220724 0 0 112 0
35275905 0 0 140 1
46413609 0 0 184 1
7575750 0 0 30 0
4545450 0 0 18 1
69354975 0 0 200 1
56451168 0 0 128 0
35281980 0 0 80 1
95782473 0 0 216 1
15158900 0 0 34 0
9808700 0 0 22 1
103521967 0 0 232 1
30367491 0 0 68 0
42871752 0 0 96 1
147697113 0 0 248 1
14145975 0 0 19 0
19357650 0 0 26 1
197379567 0 0 264 1
63065079 0 0 84 0
84086772 0 0 112 1
210348705 0 0 280 1
17289468 0 0 23 0
22551480 0 0 30 1
13530906 0 0 18 1
88 1 3 3 12
0 1 2
0 0 0 1 3 0
0
1
2
1 0 0 2 0 1
2 0 2
5 0 0 2 0 1
2 1 3
1 1
1 1
1 1
3 2
5 3
0 0 0 1 0
0 0 0 1 1
1 0 0 4 1
1 0 0 2 0
1 0 0 2 1
3 0 0 2 1
5 0 0 2 0
5 0 0 2 1
13 0 0 4 1
4 0 0 1 0
4 0 0 1 1
5 0 0 1 1
89 1 3 3 12
0 1 2
0 0 0 13 3 0
0
1
2
5 0 0 10 0 1
2 0 2
50 0 0 20 0 1
2 1 3
1 1
1 1
1 1
3 2
5 3
0 0 0 18 0
0 0 0 25 1
32 0 0 128 1
20 0 0 40 0
27 0 0 54 1
102 0 0 68 1
110 0 0 44 0
145 0 0 58 1
221 0 0 68 1
96 0 0 24 0
124 0 0 31 1
95 0 0 19 1
90 2 3 3 12
0 1 2
1 0 0 2 1 0
0 2
5 0 0 2 1 0
1 2
4 0 0 1 0 1
2 0 1
1 2
1 2
3 4
0 0 0 1 0
0 0 0 1 1
1 0 0 4 1
1 0 0 2 0
1 0 0 2 1
3 0 0 2 1
5 0 0 2 0
5 0 0 2 1
13 0 0 4 1
4 0 0 1 0
4 0 0 1 1
5 0 0 1 1
91 2 3 3 12
0 1 2
2 0 0 4 1 0
0 2
35 0 0 14 1 0
1 2
48 0 0 12 0 1
2 0 1
1 2
1 2
3 4
0 0 0 24 0
0 0 0 31 1
19 0 0 76 1
26 0 0 52 0
33 0 0 66 1
63 0 0 42 1
140 0 0 56 0
175 0 0 70 1
299 0 0 92 1
120 0 0 30 0
72 0 0 18 1
125 0 0 25 1
92 3 3 1 12
0 1 2
4 0 0 1 1 0
0 1 2
1 3
0 0 0 1 0
0 0 0 1 1
1 0 0 4 1
1 0 0 2 0
1 0 0 2 1
3 0 0 2 1
5 0 0 2 0
5 0 0 2 1
13 0 0 4 1
4 0 0 1 0
4 0 0 1 1
5 0 0 1 1
93 3 3 1 12
0 1 2
16 0 0 4 1 0
0 1 2
1 3
0 0 0 30 0
0 0 0 18 1
25 0 0 100 1
32 0 0 64 0
20 0 0 40 1
81 0 0 54 1
170 0 0 68 0
110 0 0 44 1
377 0 0 116 1
68 0 0 17 0
96 0 0 24 1
155 0 0 31 1
94 1 3 2 9
0 1 2
0 0 0 1 3 0
0
1
2
5 0 0 4 0 1
3 0 1 2
1 1
1 1
1 1
4 3
0 0 0 1 0
0 0 0 1 1
5 0 0 8 1
5 0 0 4 0
5 0 0 4 1
21 0 0 8 1
4 0 0 1 0
4 0 0 1 1
5 0 0 1 1
95 1 3 2 9
0 1 2
0 0 0 6 3 0
0
1
2
55 0 0 44 0 1
3 0 1 2
1 1
1 1
1 1
4 3
0 0 0 17 0
0 0 0 24 1
155 0 0 248 1
95 0 0 76 0
130 0 0 104 1
693 0 0 264 1
84 0 0 21 0
112 0 0 28 1
175 0 0 35 1
96 2 3 2 9
0 1 2
5 0 0 4 2 0
0 2
1 2
4 0 0 1 0 1
2 0 1
1 2
1 2
3 4
0 0 0 1 0
0 0 0 1 1
5 0 0 8 1
5 0 0 4 0
5 0 0 4 1
21 0 0 8 1
4 0 0 1 0
4 0 0 1 1
5 0 0 1 1
97 2 3 2 9
0 1 2
40 0 0 32 2 0
0 2
1 2
52 0 0 13 0 1
2 0 1
1 2
1 2
3 4
0 0 0 23 0
0 0 0 30 1
90 0 0 144 1
125 0 0 100 0
160 0 0 128 1
420 0 0 160 1
108 0 0 27 0
136 0 0 34 1
110 0 0 22 1
98 3 3 1 9
0 1 2
4 0 0 1 1 0
0 1 2
1 3
0 0 0 1 0
0 0 0 1 1
5 0 0 8 1
5 0 0 4 0
5 0 0 4 1
21 0 0 8 1
4 0 0 1 0
4 0 0 1 1
5 0 0 1 1
99 3 3 1 9
0 1 2
40 0 0 10 1 0
0 1 2
1 3
0 0 0 29 0
0 0 0 17 1
120 0 0 192 1
155 0 0 124 0
95 0 0 76 1
546 0 0 208 1
132 0 0 33 0
84 0 0 21 1
140 0 0 28 1
100 2 4 3 12
0 1 2 3
1 0 0 1 4 0
0 1
0 2
1 3
2 3
2 0 0 1 0 2
2 0 3
2 1 2
3 0 0 1 0 1
2 4 5
1 2
1 2
1 2
1 2
3 4
3 4
7 8
0 0 0 1 0
0 0 0 1 1
1 0 0 2 1
1 0 0 1 0
1 0 0 1 1
3 0 0 2 1
2 0 0 1 0
2 0 0 1 1
5 0 0 2 1
3 0 0 1 0
3 0 0 1 1
4 0 0 1 1
101 2 4 3 12
0 1 2 3
12 0 0 12 4 0
0 1
0 2
1 3
2 3
8 0 0 4 0 2
2 0 3
2 1 2
27 0 0 9 0 1
2 4 5
1 2
1 2
1 2
1 2
3 4
3 4
7 8
0 0 0 35 0
0 0 0 23 1
30 0 0 60 1
18 0 0 18 0
25 0 0 25 1
96 0 0 64 1
40 0 0 20 0
54 0 0 27 1
170 0 0 68 1
66 0 0 22 0
87 0 0 29 1
68 0 0 17 1
102 2 4 3 12
0 17 63 4294967295
1 0 0 1 4 0
0 17
0 63
17 4294967295
63 4294967295
2 0 0 1 0 2
2 0 3
2 1 2
3 0 0 1 0 1
2 4 5
1 2
1 2
1 2
1 2
3 4
3 4
7 8
0 0 0 1 0
0 0 0 1 1
1 0 0 2 1
1 0 0 1 0
1 0 0 1 1
3 0 0 2 1
2 0 0 1 0
2 0 0 1 1
5 0 0 2 1
3 0 0 1 0
3 0 0 1 1
4 0 0 1 1
103 2 4 3 12
0 17 63 4294967295
14 0 0 14 4 0
0 17
0 63
17 4294967295
63 4294967295
12 0 0 6 0 2
2 0 3
2 1 2
33 0 0 11 0 1
2 4 5
1 2
1 2
1 2
1 2
3 4
3 4
7 8
0 0 0 22 0
0 0 0 29 1
17 0 0 34 1
24 0 0 24 0
31 0 0 31 1
57 0 0 38 1
52 0 0 26 0
66 0 0 33 1
105 0 0 42 1
84 0 0 28 0
105 0 0 35 1
92 0 0 23 1
104 2 6 4 15
0 1 2 3 4 5
1 0 0 1 4 0
0 1
0 2
1 3
2 3
2 0 0 1 1 2
4 5
2 0 3
2 1 2
3 0 0 1 0 1
2 5 6
4 0 0 1 0 1
2 4 7
1 2
1 2
1 2
1 2
1 2
3 4
3 4
7 8
9 10
0 0 0 1 0
0 0 0 1 1
1 0 0 2 1
1 0 0 1 0
1 0 0 1 1
3 0 0 2 1
2 0 0 1 0
2 0 0 1 1
5 0 0 2 1
3 0 0 1 0
3 0 0 1 1
7 0 0 2 1
4 0 0 1 0
4 0 0 1 1
5 0 0 1 1
105 2 6 4 15
0 1 2 3 4 5
3 0 0 3 4 0
0 1
0 2
1 3
2 3
16 0 0 8 1 2
4 5
2 0 3
2 1 2
39 0 0 13 0 1
2 5 6
20 0 0 5 0 1
2 4 7
1 2
1 2
1 2
1 2
1 2
3 4
3 4
7 8
9 10
0 0 0 28 0
0 0 0 35 1
23 0 0 46 1
30 0 0 30 0
18 0 0 18 1
75 0 0 50 1
64 0 0 32 0
40 0 0 20 1
135 0 0 54 1
102 0 0 34 0
66 0 0 22 1
203 0 0 58 1
68 0 0 17 0
96 0 0 24 1
155 0 0 31 1
