order 1 10 6
node 0 7 0 1 -1 1,0,0
node 1 7 0 1 -1 0,1,0
node 2 7 0 1 -1 0,0,1
node 3 8 0 1 -1 2,2,0
node 4 6 0 1 -1 50,50,50
node 5 6 0 1 -1 51,50,50
node 6 9 1 4 -1
node 7 8 2 4 -1
node 8 9 5 4 -1
node 9 -1 7108 4 -1
point 1 0 0 0 0
point 0 1 0 1 0
point 0 0 1 2 0
point 2 2 0 3 0
point 50 50 50 4 0
point 51 50 50 5 0
order 2 11 6
node 0 9 1 4 6 50,50,50 51,50,50
node 1 7 2 4 7 1,0,0 0,1,0
node 2 7 2 4 7 1,0,0 0,0,1
node 3 7 2 4 7 0,1,0 0,0,1
node 4 8 5 4 8 1,0,0 2,2,0
node 5 8 5 4 8 0,1,0 2,2,0
node 6 9 7108 4 9 2,2,0 50,50,50
node 7 8 8 12 7
node 8 10 50 36 8
node 9 10 7205 4 9
node 10 -1 7401 4 9
point 1 0 0 8 2
point 0 1 0 8 2
point 0 0 1 8 2
point 2 2 0 8 5
point 50 50 50 0 1
point 51 50 50 0 1
order 3 9 6
node 0 6 8 12 7 1,0,0 0,1,0 0,0,1
node 1 6 50 36 8 1,0,0 0,1,0 2,2,0
node 2 8 7205 4 9 50,50,50 2,2,0 51,50,50
node 3 7 7401 4 10 2,2,0 1,0,0 50,50,50
node 4 7 7401 4 10 2,2,0 0,1,0 50,50,50
node 5 7 7401 4 10 2,2,0 0,0,1 50,50,50
node 6 7 9 4 8
node 7 8 109549602 59204 10
node 8 -1 7500 4 10
point 1 0 0 0 2
point 0 1 0 0 2
point 0 0 1 0 2
point 2 2 0 6 5
point 50 50 50 8 7108
point 51 50 50 8 7205
