5 1 0 0 1 8 3 0 0 7 19 0 9 6 211 1 4 0 65537 0 0 1 4000000000 4 1 2
5 1 1 0 1 8 3 0 0 7 19 0 9 6 211 1 4 0 65537 0 0 1 4000000000 4 1 2
5 2 0 1 1 12 3 0 0 7 19 0 9 6 211 1 4 0 65537 0 0 1 4000000000 4 1 2
5 2 1 1 1 12 3 0 0 7 19 0 9 6 211 1 4 0 65537 0 0 1 4000000000 4 1 2
5 1 0 0 1 8 3 1000 1000 43000 19 1000 55000 37000 211 7000 25000 1000 65537 1000 1000 7000 4000000000 25000 7000 13000
5 1 1 0 1 8 3 1000 1000 43000 19 1000 55000 37000 211 7000 25000 1000 65537 1000 1000 7000 4000000000 25000 7000 13000
5 2 0 1 1 12 3 1000 1000 43000 19 1000 55000 37000 211 7000 25000 1000 65537 1000 1000 7000 4000000000 25000 7000 13000
5 2 1 1 1 12 3 1000 1000 43000 19 1000 55000 37000 211 7000 25000 1000 65537 1000 1000 7000 4000000000 25000 7000 13000
7 1 0 0 1 8 3 0 0 0 19 1 1 1 211 2 4 8 65537 3 9 27 4000000000 4 16 64 4000000007 5 25 125 4294967294 6 36 216
7 1 1 0 1 8 3 0 0 0 19 1 1 1 211 2 4 8 65537 3 9 27 4000000000 4 16 64 4000000007 5 25 125 4294967294 6 36 216
7 2 0 1 1 12 3 0 0 0 19 1 1 1 211 2 4 8 65537 3 9 27 4000000000 4 16 64 4000000007 5 25 125 4294967294 6 36 216
7 2 1 1 1 12 3 0 0 0 19 1 1 1 211 2 4 8 65537 3 9 27 4000000000 4 16 64 4000000007 5 25 125 4294967294 6 36 216
2 1 0 0 1 8 3 0 0 0 19 65535 65535 65535
2 1 1 0 1 8 3 0 0 0 19 65535 65535 65535
2 2 0 1 1 12 3 0 0 0 19 65535 65535 65535
2 2 1 1 1 12 3 0 0 0 19 65535 65535 65535
