# Compteurs deterministes et temps locaux (bruites) du generateur v10, HEAD afb081774, build Release sans -march, g++ 13.3
# charge avant la serie principale :  05:32:29 up 51 min,  0 user,  load average: 3.75, 2.78, 2.11
# charge apres la serie principale :  05:38:56 up 58 min,  0 user,  load average: 14.27, 11.07, 6.11 ; les deux lignes sol_* ont ete mesurees plus tard, charge 10 a 21
entree K W | sites boules b/site niveaux | noeuds feuilles ignores m_moy m_max | filtre/site filtre/boule | dom paires triplets droites quads juges (par boule) | cand/boule | t_front t_boxes t_order t_asm total | us/boule | RSS o/boule
lidar00_k10_w1 K10 W1 | 39885 5512670 138.2 5085985 | 1137143 530147 38425 21.60 24 | 32801 237.3 | 21.6 11.5 26.5 18.6 15.0 2.09 | 63.1 | 0.160 27.364 0.868 2.135 30.596 | 5.55 | 299
lidar00_k10_w4 K10 W4 | 39885 5512670 138.2 5085985 | 1137143 530147 38425 21.60 24 | 32801 237.3 | 21.6 11.5 26.5 18.6 15.0 2.09 | 63.1 | 0.132 10.822 0.681 1.171 12.941 | 2.35 | 318
lidar00_k5_w1 K5 W1 | 39885 1306696 32.8 1085775 | 781865 352967 37966 13.94 16 | 10095 308.1 | 24.8 15.8 23.9 17.0 7.8 2.50 | 56.6 | 0.139 6.319 0.211 0.408 7.096 | 5.43 | 272
lidar00_k5_w4 K5 W4 | 39885 1306696 32.8 1085775 | 781865 352967 37966 13.94 16 | 10095 308.1 | 24.8 15.8 23.9 17.0 7.8 2.50 | 56.6 | 0.056 1.986 0.120 0.197 2.380 | 1.82 | 299
lidar01_k10_w1 K10 W1 | 35551 4383302 123.3 4094745 | 931949 430465 35510 21.59 24 | 30114 244.2 | 22.1 11.6 26.5 18.7 14.8 2.02 | 63.4 | 0.125 23.218 0.744 2.261 26.436 | 6.03 | 299
lidar01_k10_w4 K10 W4 | 35551 4383302 123.3 4094745 | 931949 430465 35510 21.59 24 | 30114 244.2 | 22.1 11.6 26.5 18.7 14.8 2.02 | 63.4 | 0.211 11.203 0.620 0.934 13.057 | 2.98 | 320
lidar01_k5_w1 K5 W1 | 35551 1095926 30.8 941216 | 636589 284367 33928 13.93 16 | 9205 298.6 | 23.8 15.1 22.7 16.2 7.5 2.42 | 54.0 | 0.125 6.764 0.170 0.441 7.514 | 6.86 | 274
lidar01_k5_w4 K5 W4 | 35551 1095926 30.8 941216 | 636589 284367 33928 13.93 16 | 9205 298.6 | 23.8 15.1 22.7 16.2 7.5 2.42 | 54.0 | 0.125 2.006 0.150 0.145 2.443 | 2.23 | 293
lidar02_k10_w1 K10 W1 | 45845 5483320 119.6 4908695 | 1065585 485833 46960 21.58 24 | 28094 234.9 | 19.9 10.5 24.3 17.2 13.7 1.97 | 57.9 | 0.167 24.927 0.872 2.041 28.089 | 5.12 | 297
lidar02_k10_w4 K10 W4 | 45845 5483320 119.6 4908695 | 1065585 485833 46960 21.58 24 | 28094 234.9 | 19.9 10.5 24.3 17.2 13.7 1.97 | 57.9 | 0.112 10.631 0.755 1.263 12.904 | 2.35 | 319
lidar02_k5_w1 K5 W1 | 45845 1407885 30.7 1099581 | 734083 323224 43818 13.95 16 | 8808 286.8 | 21.1 13.4 20.3 14.5 6.7 2.35 | 48.1 | 0.095 5.459 0.214 0.452 6.234 | 4.43 | 
lidar02_k5_w4 K5 W4 | 45845 1407885 30.7 1099581 | 734083 323224 43818 13.95 16 | 8808 286.8 | 21.1 13.4 20.3 14.5 6.7 2.35 | 48.1 | 0.050 1.391 0.098 0.137 1.694 | 1.20 | 
sol_08_000000_k10_w4 K10 W4 | 123389 11387391 92.3 9537036 | 2567193 1144086 139511 21.51 24 | 25676 278.2 | 22.4 11.5 24.8 16.5 11.6 1.88 | 58.8 | 0.429 21.090 3.709 2.424 28.416 | 2.50 | 303
sol_08_000000_k5_w4 K5 W4 | 123389 2822052 22.9 1935626 | 1759813 736981 142926 13.83 16 | 8282 362.1 | 23.6 14.6 21.3 14.0 5.7 2.36 | 50.7 | 0.543 7.154 0.572 0.659 9.013 | 3.19 | 286
syn_clusters_density_x1_k10_w1 K10 W1 | 8000 2719814 340.0 2717803 | 243313 120835 822 21.77 24 | 33227 97.7 | 10.1 5.8 15.5 11.2 10.8 2.29 | 36.4 | 0.030 10.506 0.388 1.006 11.975 | 4.40 | 304
syn_clusters_density_x1_k10_w4 K10 W4 | 8000 2719814 340.0 2717803 | 243313 120835 822 21.77 24 | 33227 97.7 | 10.1 5.8 15.5 11.2 10.8 2.29 | 36.4 | 0.064 3.438 0.238 0.334 4.113 | 1.51 | 319
syn_clusters_density_x1_k5_w1 K5 W1 | 8000 555892 69.5 555094 | 175451 86936 790 14.10 16 | 10024 144.3 | 14.7 10.1 17.0 12.4 6.6 2.76 | 38.3 | 0.048 2.697 0.078 0.240 3.072 | 5.53 | 284
syn_clusters_density_x1_k5_w4 K5 W4 | 8000 555892 69.5 555094 | 175451 86936 790 14.10 16 | 10024 144.3 | 14.7 10.1 17.0 12.4 6.6 2.76 | 38.3 | 0.021 0.705 0.054 0.074 0.865 | 1.56 | 305
syn_clusters_density_x4_k10_w1 K10 W1 | 32000 12864247 402.0 12777772 | 1032179 514615 1475 21.79 24 | 36998 92.0 | 9.1 5.3 13.9 10.1 9.8 2.33 | 32.8 | 0.118 43.450 2.337 5.280 51.339 | 3.99 | 305
syn_clusters_density_x4_k10_w4 K10 W4 | 32000 12864247 402.0 12777772 | 1032179 514615 1475 21.79 24 | 36998 92.0 | 9.1 5.3 13.9 10.1 9.8 2.33 | 32.8 | 0.113 12.452 0.915 1.607 15.268 | 1.19 | 311
syn_clusters_density_x4_k5_w1 K5 W1 | 32000 2474313 77.3 2440064 | 735705 366453 1400 14.12 16 | 11381 147.2 | 13.9 9.6 16.1 11.8 6.2 2.80 | 36.2 | 0.068 8.112 0.357 0.885 9.455 | 3.82 | 277
syn_clusters_density_x4_k5_w4 K5 W4 | 32000 2474313 77.3 2440064 | 735705 366453 1400 14.12 16 | 11381 147.2 | 13.9 9.6 16.1 11.8 6.2 2.80 | 36.2 | 0.053 2.412 0.171 0.289 2.955 | 1.19 | 296
syn_uniform_density_x1_k10_w1 K10 W1 | 8000 3115804 389.5 3115092 | 214701 107351 0 21.78 24 | 28596 73.4 | 7.9 4.5 12.1 8.8 8.7 2.31 | 28.6 | 0.040 10.551 0.463 1.269 12.364 | 3.97 | 305
syn_uniform_density_x1_k10_w4 K10 W4 | 8000 3115804 389.5 3115092 | 214701 107351 0 21.78 24 | 28596 73.4 | 7.9 4.5 12.1 8.8 8.7 2.31 | 28.6 | 0.022 3.074 0.230 0.405 3.779 | 1.21 | 330
syn_uniform_density_x1_k5_w1 K5 W1 | 8000 594381 74.3 594121 | 157633 78812 5 14.13 16 | 8686 116.9 | 12.5 8.6 14.6 10.7 5.7 2.79 | 32.8 | 0.021 2.516 0.097 0.251 2.892 | 4.87 | 283
syn_uniform_density_x1_k5_w4 K5 W4 | 8000 594381 74.3 594121 | 157633 78812 5 14.13 16 | 8686 116.9 | 12.5 8.6 14.6 10.7 5.7 2.79 | 32.8 | 0.020 0.708 0.063 0.096 0.895 | 1.51 | 304
syn_uniform_density_x4_k10_w1 K10 W1 | 32000 13487653 421.5 13457301 | 918599 459300 0 21.87 24 | 31914 75.7 | 7.8 4.5 12.0 8.8 8.7 2.34 | 28.5 | 0.195 67.710 3.443 8.601 80.307 | 5.95 | 304
syn_uniform_density_x4_k10_w4 K10 W4 | 32000 13487653 421.5 13457301 | 918599 459300 0 21.87 24 | 31914 75.7 | 7.8 4.5 12.0 8.8 8.7 2.34 | 28.5 | 0.283 19.115 1.677 2.667 24.007 | 1.78 | 313
syn_uniform_density_x4_k5_w1 K5 W1 | 32000 2533312 79.2 2521916 | 666531 333248 18 14.14 16 | 9770 123.4 | 12.4 8.5 14.4 10.6 5.7 2.80 | 32.5 | 0.096 9.536 0.421 1.216 11.323 | 4.47 | 277
syn_uniform_density_x4_k5_w4 K5 W4 | 32000 2533312 79.2 2521916 | 666531 333248 18 14.14 16 | 9770 123.4 | 12.4 8.5 14.4 10.6 5.7 2.80 | 32.5 | 0.100 3.898 0.521 0.802 5.381 | 2.12 | 296
