4 0 0 0 2 2 0 2 0 2 0 2 2 0 0 0
4 0 0 0 2 2 0 2 0 2 0 2 2 2 2 0
4 0 0 0 2 2 0 2 0 2 0 2 2 2 0 2
4 0 0 0 2 2 0 2 0 2 0 2 2 0 2 2
4 0 0 0 4 0 0 2 3 0 2 0 2 0 0 0
4 0 0 0 4 0 0 2 3 0 2 0 2 4 0 0
4 0 0 0 4 0 0 2 3 0 2 0 2 2 3 0
4 0 0 0 4 0 0 2 3 0 2 0 2 2 0 2
4 5 2 1 10 5 5 9 8 5 1 5 8 5 2 1
4 5 2 1 10 5 5 9 8 5 1 5 8 10 5 5
4 5 2 1 10 5 5 9 8 5 1 5 8 9 8 5
4 5 2 1 10 5 5 9 8 5 1 5 8 1 5 8
4 0 0 0 225077 1 0 225068 1 0 152369 7 1 0 0 0
4 0 0 0 225077 1 0 225068 1 0 152369 7 1 225077 1 0
4 0 0 0 225077 1 0 225068 1 0 152369 7 1 225068 1 0
4 0 0 0 225077 1 0 225068 1 0 152369 7 1 152369 7 1
