443
1 -10 -10 -10 50 0 2
952031298 9 8 5
1511649446 1 2 5
1 -10 -10 -10 50 3 2
942407064 7 1 3
3794679958 7 6 2
2409101086 6 5 4
3778528406 5 2 9
3559758282 5 8 1
1 -10 -10 -10 50 1 2
163565048 2 8 4
1207903274 9 2 5
1063689914 1 8 5
1 -10 -10 -10 50 0 2
4004603931 2 5 1
2541106007 1 8 5
1 -10 -10 -10 50 0 2
1200195292 1 5 8
458267419 5 5 0
1 -10 -10 -10 50 1 2
470653946 6 8 6
3882222458 1 8 5
1515954866 5 5 10
1 -10 -10 -10 50 3 3
2399196992 3 5 1
2512278903 4 4 3
3147608744 3 4 1
3741991956 5 10 5
2897410970 5 0 5
2996540352 5 1 2
1 -10 -10 -10 50 1 3
3192066123 4 9 5
4260752861 10 5 5
2301538053 0 5 5
1076046106 5 8 1
1 -10 -10 -10 50 0 3
1435041752 8 5 1
976457105 2 5 9
4264843107 5 2 1
1 -10 -10 -10 50 1 3
1301381645 5 7 1
3735015627 9 2 5
3969456665 1 8 5
3559917032 5 9 2
1 -10 -10 -10 50 0 3
4213302868 10 5 5
2339060659 0 5 5
662446147 1 5 8
1 -10 -10 -10 50 0 3
2598596369 5 5 0
2607494959 5 5 10
623860371 5 8 1
1 -10 -10 -10 50 2 3
3663058474 4 5 1
3300365712 6 5 2
4283762219 0 5 5
2937067205 10 5 5
1384024445 5 8 1
1 -10 -10 -10 50 0 3
2761100244 5 0 5
2815344132 5 10 5
2425284488 5 1 8
1 -10 -10 -10 50 2 3
4249278805 6 2 3
2126176295 7 2 2
2115056227 1 2 5
1799747636 9 8 5
2672362970 8 5 1
1 -10 -10 -10 50 1 3
2573639467 5 4 8
3659377844 5 10 5
3924953413 5 0 5
2649414772 5 2 1
1 -10 -10 -10 50 3 3
2310447679 7 2 6
2022882588 2 5 2
2661062589 5 3 9
619680084 5 9 8
1683345416 10 5 5
2715146238 1 5 8
1 -10 -10 -10 50 2 3
1035035879 7 3 2
1505494223 9 6 5
3184789858 5 1 8
2618978054 9 8 5
3294911086 9 2 5
1 -10 -10 -10 50 2 3
2210579530 7 4 6
713765058 7 1 7
3875221086 5 8 9
3788067549 9 5 2
1533204150 2 1 5
1 -10 -10 -10 50 0 3
587457233 5 8 9
1372388059 5 1 8
2904419393 8 5 1
1 -10 -10 -10 50 2 3
2867811279 4 4 4
3748599709 2 6 4
631282560 8 9 5
2677138781 5 8 9
4236095441 8 1 5
1 -10 -10 -10 50 0 3
3965844036 9 5 8
1655861996 5 9 8
1494388761 1 8 5
1 -10 -10 -10 50 2 3
2641755050 7 6 8
2463172749 5 6 4
1484845964 9 8 5
2613205421 5 0 5
1175366337 5 5 0
1 -10 -10 -10 50 1 3
4071841188 5 6 1
3125748371 10 5 5
3304105904 1 2 5
328710669 9 5 8
1 -10 -10 -10 50 3 3
945108898 3 4 8
624504282 3 4 5
401147348 3 4 3
3504551211 2 9 5
1608601995 5 5 0
3327366126 9 5 2
1 -10 -10 -10 50 0 3
1596016986 1 8 5
3638955252 5 0 5
317315129 5 2 1
1 -10 -10 -10 50 2 4
1434516457 5 5 4
2269619758 6 6 5
85786578 1 2 5
1947841606 9 8 5
2204882730 5 2 1
2375718961 8 5 1
1 -10 -10 -10 50 0 4
1094689745 5 10 5
1075403565 5 0 5
3167716796 2 5 9
4247772168 0 5 5
1 -10 -10 -10 50 0 4
1944753247 10 5 5
3492472109 0 5 5
27548316 5 8 1
3403920374 2 5 1
1 -10 -10 -10 50 0 4
2706331157 5 8 9
2971619368 5 2 1
330866842 8 9 5
1248748727 2 1 5
1 -10 -10 -10 50 0 4
3532230505 5 1 8
1052187812 5 9 2
1623786814 9 2 5
769357833 5 9 8
1 -10 -10 -10 50 2 4
3929387112 8 7 2
1403412497 3 5 5
586421192 1 2 5
3435199158 9 8 5
2677049156 5 2 9
2026480054 5 9 2
1 -10 -10 -10 50 3 4
3924894362 3 9 5
406311170 3 1 6
541105906 7 1 4
807246627 2 9 5
3537393495 8 1 5
422552094 5 10 5
1728111622 1 2 5
1 -10 -10 -10 50 0 4
245174803 1 5 2
3524185511 9 5 8
1807342414 5 2 9
1775626070 5 0 5
1 -10 -10 -10 50 2 4
2364937405 4 5 5
540092559 2 5 6
2855546160 9 5 8
1698643236 1 5 2
2302645363 5 5 0
3977012467 9 2 5
1 -10 -10 -10 50 0 4
4014999781 1 5 8
1063380576 9 5 2
1915693982 5 9 8
204885335 5 2 9
1 -10 -10 -10 50 3 4
1559503013 9 4 3
1811875303 4 5 1
959824216 5 5 1
3275950166 5 5 0
2756674606 2 5 9
1531036133 10 5 5
913842233 9 8 5
1 -10 -10 -10 50 2 4
3882412756 8 3 3
3982861605 6 1 3
2855283182 2 5 9
3107476486 2 5 1
3435337783 9 8 5
1209526037 9 5 2
1 -10 -10 -10 50 2 4
2758540762 5 6 8
62392896 5 3 5
31288213 5 8 9
2099573529 2 1 5
1681894975 5 2 9
1531697173 5 5 10
1 -10 -10 -10 50 2 4
857850049 4 3 3
2977557277 5 8 4
3022929133 1 8 5
530317020 5 10 5
3264476617 2 5 1
1068898649 8 9 5
1 -10 -10 -10 50 2 4
3342440066 4 3 9
1869452072 5 6 6
3402256672 5 5 0
2873612130 8 5 9
1194657382 0 5 5
3687184814 8 9 5
1 -10 -10 -10 50 1 4
924483904 4 7 5
940869589 5 0 5
135892573 1 5 8
892569699 5 5 10
1787416864 5 2 1
1 -10 -10 -10 50 3 4
1925181985 3 9 5
1520848292 8 8 6
3625370987 7 7 2
2351744502 2 5 1
1080781028 9 8 5
3374696671 2 1 5
3470456217 2 9 5
1 -10 -10 -10 50 3 4
3680756254 2 3 4
280134943 8 5 6
2656349489 4 6 3
3845686811 5 1 8
3993579568 5 10 5
3735122762 5 8 9
2361781849 1 5 2
1 -10 -10 -10 50 1 4
2242847882 7 6 3
3918936351 8 5 9
1822258741 9 5 8
1186975712 8 1 5
2758136329 1 8 5
1 -10 -10 -10 50 2 4
3889127746 3 8 8
3975874338 2 8 7
3122750636 9 5 8
2481859737 10 5 5
1014120274 5 9 8
310816633 8 9 5
1 -10 -10 -10 50 0 5
3230050492 8 1 5
2829323104 2 9 5
2408059572 5 9 8
3145100500 5 5 10
1286387766 9 5 2
1 -10 -10 -10 50 0 5
1303417241 5 9 2
1168529377 5 1 8
1207301010 5 9 8
1122904924 1 5 2
2161475578 5 0 5
1 -10 -10 -10 50 2 5
3742661345 2 5 6
4116539587 7 9 6
4008599566 9 5 8
2492084265 1 5 2
86884020 2 5 1
1831321622 8 5 9
1782442841 1 8 5
1 -10 -10 -10 50 3 5
2508523010 6 4 3
2740105203 3 8 5
3449060609 8 6 8
3977526372 5 8 1
2019237690 5 2 9
2286184318 10 5 5
3531734910 9 2 5
2221822289 8 5 9
1 -10 -10 -10 50 2 5
109311318 2 4 7
3189255096 5 5 4
2892675260 10 5 5
1803374074 0 5 5
1639793395 9 2 5
3684287206 9 8 5
2189687883 9 5 8
1 -10 -10 -10 50 1 5
182795133 3 8 2
3039397421 5 5 0
2471575649 5 5 10
1988381657 10 5 5
4010964422 2 1 5
935271256 8 5 9
1 -10 -10 -10 50 1 5
56826584 1 5 5
1872892812 5 8 9
2386081253 5 2 1
237390929 10 5 5
362087233 1 5 8
270919176 1 8 5
1 -10 -10 -10 50 0 5
1013186966 2 5 9
1271254398 8 5 1
4153918990 5 5 10
1133158471 5 2 1
980359289 1 8 5
1 -10 -10 -10 50 2 5
3130568772 3 1 6
4198766351 8 2 4
2334515924 5 1 2
3789104789 5 9 8
3835577871 1 5 2
816324000 5 2 9
3861021990 5 10 5
1 -10 -10 -10 50 0 5
3993820871 1 5 2
1937150828 9 5 8
59598812 2 1 5
114419281 5 5 0
1546307473 1 5 8
1 -10 -10 -10 50 0 5
1679545682 9 8 5
732015626 5 5 10
2842667512 5 2 1
2275251376 1 8 5
3728159385 10 5 5
1 -10 -10 -10 50 0 5
3467354276 9 5 8
1584632526 9 2 5
2164372535 2 1 5
3796777119 5 2 9
4207565053 5 8 9
1 -10 -10 -10 50 0 5
53817139 5 0 5
3112075840 5 8 9
266084185 5 1 2
3045893528 8 1 5
2168433410 5 1 8
1 -10 -10 -10 50 0 5
384385692 5 8 9
4189024429 1 5 8
490477522 10 5 5
3972593827 1 5 2
779421792 2 5 9
1 -10 -10 -10 50 3 5
4134285689 3 5 4
3521259856 2 7 6
3320895028 7 3 9
1455044073 5 2 9
1569737641 5 10 5
1665153160 8 5 9
3278794263 1 5 8
1748115936 5 1 2
1 -10 -10 -10 50 0 5
3567181879 2 1 5
276058319 5 9 2
3423000023 9 8 5
117076811 5 5 0
2360379969 8 5 9
1 -10 -10 -10 50 3 5
3354543538 6 1 5
359029188 6 6 7
797106780 7 1 6
150208406 2 5 1
3620318707 5 9 2
2866119306 5 0 5
2795362943 5 1 2
1884710297 1 5 8
1 -10 -10 -10 50 0 5
4247127484 9 5 2
263687087 5 1 8
3304453996 1 2 5
3549756192 8 9 5
607897134 9 2 5
1 -10 -10 -10 50 1 5
916412214 4 8 4
1353681941 5 0 5
2857966601 1 8 5
3747386887 10 5 5
1426702452 5 5 0
1413287402 8 5 1
1 -10 -10 -10 50 0 5
1254990149 5 2 1
4049904277 5 10 5
997855295 8 5 1
3395267077 5 2 9
1877673987 1 5 2
1 -10 -10 -10 50 1 6
2115003579 7 6 4
2204518880 8 1 5
690999207 2 9 5
2395787732 8 5 1
2888894239 10 5 5
4030827604 5 9 8
2453365126 5 0 5
1 -10 -10 -10 50 3 6
1692303680 2 4 2
3484137939 9 4 4
1388029686 7 3 1
1138375031 9 5 2
219500792 1 5 8
241428023 5 8 1
62366815 10 5 5
3552309947 8 1 5
1688874570 2 1 5
1 -10 -10 -10 50 0 6
1992722308 5 8 1
3971716366 5 2 9
2083370454 10 5 5
2026507121 2 1 5
1841117495 5 10 5
1777765621 5 8 9
1 -10 -10 -10 50 1 6
2959539303 6 2 3
3298803725 5 2 1
2320491847 5 8 9
3852072523 1 8 5
367340208 8 9 5
2978962915 1 5 8
2409559973 2 5 9
1 -10 -10 -10 50 0 6
819309306 2 1 5
169354724 8 9 5
3278035851 5 5 10
2599831471 5 1 2
62595941 1 2 5
79814637 8 5 1
1 -10 -10 -10 50 2 6
3233634393 3 5 7
3424861664 5 6 5
1523759393 5 9 8
1326721208 5 1 2
985040876 2 9 5
2318309517 2 5 9
4254789411 0 5 5
3674849309 5 5 10
1 -10 -10 -10 50 3 6
1165658513 8 4 6
3894107246 3 3 9
2220697988 7 6 7
2532953165 2 5 1
3426562972 8 5 9
3582449068 8 9 5
488613651 5 1 2
3784371266 2 5 9
286622267 5 2 1
1 -10 -10 -10 50 0 6
1108997804 2 1 5
86107804 8 9 5
1573562329 5 9 2
4128314896 2 5 9
4266795617 5 5 0
3235068874 9 8 5
1 -10 -10 -10 50 2 6
865539182 6 6 8
860346604 7 3 4
2965335358 2 5 1
1687218771 8 5 9
3927932686 5 1 2
690138366 5 5 10
1592645267 2 9 5
1762199244 1 5 2
1 -10 -10 -10 50 2 6
1521553953 3 6 1
1312658167 3 4 1
1774159510 5 9 8
239833536 5 1 2
1986025818 2 1 5
2992724302 5 5 0
2445133007 8 1 5
4130955207 9 5 8
1 -10 -10 -10 50 3 6
2497119675 1 3 7
4220109810 7 3 9
79879192 8 7 8
3680646162 5 1 8
3196694571 9 2 5
1068682660 1 5 8
618298836 5 8 1
2525515121 9 5 8
1093076771 9 8 5
1 -10 -10 -10 50 0 6
777549221 5 8 1
2104608170 1 8 5
2889193987 5 5 10
2223134897 1 2 5
1043341139 5 10 5
1067688699 8 5 9
1 -10 -10 -10 50 0 6
1364955641 5 0 5
1719381788 5 2 1
3614272390 1 2 5
3513811551 5 9 2
335913858 10 5 5
1843475816 9 2 5
1 -10 -10 -10 50 0 6
1750134669 8 5 1
979675202 2 1 5
507347843 5 8 1
4001644952 9 8 5
1424909265 2 5 1
215646160 5 0 5
1 -10 -10 -10 50 1 6
1281771523 5 7 1
298286588 8 1 5
3575549290 5 9 8
853457793 5 2 1
339044440 9 5 2
1097904842 1 2 5
1349014867 2 5 1
1 -10 -10 -10 50 0 6
3288552172 5 1 8
1534408942 8 5 9
299484544 2 5 9
642606782 5 8 9
1678893305 5 9 8
468298566 5 8 1
1 -10 -10 -10 50 3 6
2865663114 5 6 2
1318518053 6 6 5
1407509447 4 4 3
1648094213 8 1 5
2631021276 10 5 5
3535733954 1 8 5
1485157003 5 5 0
2810085560 5 1 2
576032176 8 5 1
1 -10 -10 -10 50 0 6
1854748040 2 1 5
2691523788 5 2 1
2763558849 1 5 2
876933504 0 5 5
2971228050 5 10 5
493812014 5 1 8
1 -10 -10 -10 50 0 6
1062871984 2 5 1
4147038631 5 1 8
1821982728 1 8 5
2177734513 5 2 1
2426419173 9 8 5
3393512883 5 10 5
1 -10 -10 -10 50 0 6
1401379874 5 2 9
1057423599 1 5 8
1355174885 8 9 5
1086764516 5 9 2
3557058263 5 2 1
2812694282 9 2 5
1 -10 -10 -10 50 1 7
3959544675 9 6 4
3579026323 2 5 1
1853786056 8 5 9
3528029942 1 5 8
780097542 5 1 2
4279333692 5 8 9
576440817 5 9 2
1706976674 1 2 5
1 -10 -10 -10 50 0 7
2727320028 5 0 5
3297806797 5 10 5
1933464122 5 8 9
3326161126 9 5 8
2120231202 5 1 2
3097996923 1 5 2
1841338538 5 1 8
1 -10 -10 -10 50 3 7
1589587724 7 3 3
2784164258 3 1 6
1835669777 7 3 6
674024584 9 5 8
3951260163 1 5 2
1628396762 5 2 9
3468637476 5 5 10
4002122638 9 2 5
2529503455 8 5 9
205612814 8 1 5
1 -10 -10 -10 50 2 7
3694227874 2 4 7
1265976440 4 3 5
3515634182 5 2 9
44441278 5 8 1
3534784843 5 1 8
545836725 2 1 5
3360362856 5 0 5
838499273 5 2 1
2656451146 0 5 5
1 -10 -10 -10 50 1 7
2231873536 2 7 8
4251522282 8 9 5
3520709303 2 1 5
2590300005 8 1 5
3652031083 1 2 5
108487556 9 5 8
1862977265 2 5 9
2463914516 5 8 9
1 -10 -10 -10 50 1 7
2350649542 4 2 3
3465870414 8 9 5
623611579 2 1 5
3063413625 5 1 2
1895172613 5 9 2
1829875591 2 9 5
92910582 5 8 9
3120220905 8 5 1
1 -10 -10 -10 50 0 7
3488735947 8 5 9
70303104 2 5 1
590750142 5 2 9
2130992962 2 1 5
961375096 5 5 10
1945216506 5 8 9
299668772 9 5 2
1 -10 -10 -10 50 0 7
2955769455 0 5 5
349448930 10 5 5
1956577429 5 1 8
1138639052 1 2 5
2124997427 5 0 5
1328409377 1 8 5
4284230593 1 5 8
1 -10 -10 -10 50 1 7
327521353 8 3 5
1951143682 5 8 1
728873310 5 2 9
2525645183 5 5 10
3456307140 9 8 5
3290616234 8 5 9
2242932971 5 1 8
2808684014 5 9 8
1 -10 -10 -10 50 1 7
1946601931 3 7 8
1640640025 8 5 1
2008630935 2 5 9
1369197915 5 2 1
677967568 9 5 8
208075932 0 5 5
542576963 9 2 5
1877826806 8 9 5
1 -10 -10 -10 50 3 7
3453871409 3 7 5
2583061266 9 7 5
1035836139 7 3 9
2887939697 5 5 0
3738932486 1 2 5
1811224405 5 10 5
3602219924 2 9 5
1758504429 9 5 8
10520639 5 2 9
848933796 5 8 9
1 -10 -10 -10 50 1 7
3646805622 5 6 2
2658679689 0 5 5
3465315816 2 9 5
46183386 5 2 1
3402355407 5 10 5
2023219572 1 2 5
1765613584 8 5 1
4080855246 2 5 1
1 -10 -10 -10 50 0 7
3882980013 5 2 9
1278769319 1 5 2
3143973018 5 1 2
2533728201 5 0 5
3285024306 0 5 5
2899782084 5 5 10
200861803 8 5 1
1 -10 -10 -10 50 3 7
2494214116 3 3 6
318422724 1 3 3
2954721660 7 8 7
490140199 2 9 5
3333539620 5 8 9
678597944 5 2 9
228036858 5 5 10
2414827898 1 5 2
3667941810 10 5 5
215014160 5 0 5
1 -10 -10 -10 50 1 7
3237224677 4 4 9
455287274 1 5 2
272840332 2 5 9
1379128641 1 2 5
937686201 2 9 5
271040156 5 8 1
1315518410 5 5 10
718313761 8 5 9
1 -10 -10 -10 50 2 7
1966068952 7 1 4
1843901551 9 3 7
3395649714 8 5 1
2928766149 8 9 5
2670782529 5 2 1
1172876613 5 5 0
956973088 2 5 1
941222973 5 1 2
955079315 5 1 8
1 -10 -10 -10 50 0 7
4258299765 5 1 2
1105017705 2 1 5
2085608674 5 5 0
1124592236 2 5 1
4185453830 1 5 8
2301615495 2 5 9
854185951 9 8 5
1 -10 -10 -10 50 2 7
4172062072 9 5 5
4131700351 3 8 2
3302559583 1 5 2
3643987743 5 5 10
4176006417 8 9 5
3375346839 2 5 1
742531113 5 1 8
40845402 2 5 9
321615546 9 8 5
1 -10 -10 -10 50 0 7
1746813727 10 5 5
3412216700 1 5 8
900239346 1 2 5
1396070296 5 1 8
260943405 5 1 2
3668520912 1 5 2
1195277712 5 0 5
1 -10 -10 -10 50 1 7
1359982305 6 3 4
1399521496 1 2 5
1468343225 8 5 1
3264219707 8 5 9
2076351204 5 8 1
2539871180 5 1 8
1651175046 5 8 9
1074368314 5 9 8
1 -10 -10 -10 50 0 8
2601268404 1 2 5
2286793489 9 8 5
79022644 5 8 9
1958957329 9 5 2
700511664 8 5 1
3482328314 5 8 1
3406233111 2 5 1
1338150090 5 2 9
1 -10 -10 -10 50 1 8
2714672040 9 5 6
2329997971 5 5 0
2639310596 5 5 10
1726943153 5 8 9
3631067824 5 1 8
1578213463 9 5 8
747053583 5 2 1
1093440357 9 5 2
766391626 5 0 5
1 -10 -10 -10 50 3 8
2246991870 6 2 3
3857356053 7 8 4
3661619996 9 7 6
281927738 1 5 2
1189279625 9 5 8
1979137173 5 1 2
810719504 1 5 8
2626280766 9 8 5
2537282604 9 5 2
45348695 5 9 2
4272251711 5 10 5
1 -10 -10 -10 50 2 8
3898562802 5 7 2
1722471878 8 8 5
2169990032 9 2 5
2174401934 1 8 5
503776928 9 5 8
1830286605 9 8 5
673890668 5 2 1
3109347914 1 5 2
4228675756 5 9 2
1034758094 5 1 2
1 -10 -10 -10 50 0 8
707876285 5 8 1
390986086 5 2 9
1268256199 5 9 2
1611470737 1 8 5
455718931 10 5 5
1096879692 5 1 8
4170588648 9 5 8
2517563150 5 8 9
1 -10 -10 -10 50 0 8
329327056 5 2 1
822081678 5 8 9
650764403 1 5 2
2037690849 5 2 9
2418347052 5 9 2
3713982526 0 5 5
2224317537 8 5 9
4241717775 2 1 5
1 -10 -10 -10 50 1 8
2611229088 4 7 3
2375072523 9 5 2
1895328834 1 5 8
2995118005 2 5 1
2961886569 5 2 9
530610609 5 9 8
3076187502 10 5 5
3249506096 1 8 5
3152129818 8 5 1
1 -10 -10 -10 50 0 8
1855875835 9 8 5
699957876 1 2 5
3637745442 9 2 5
1997127527 9 5 2
2409780029 5 1 2
3088673943 2 5 9
1411583670 1 5 2
2002329799 1 5 8
1 -10 -10 -10 50 1 8
1056528727 3 2 8
275620841 1 5 8
1524456549 9 5 2
269207526 9 8 5
3934191870 1 2 5
915258112 5 8 9
3135412126 5 9 8
202112388 9 2 5
403811519 5 8 1
1 -10 -10 -10 50 3 8
3759287453 4 1 3
4292862592 1 5 3
3085007395 3 5 1
1675652857 8 1 5
1439893519 2 9 5
2208582456 1 2 5
1301885677 5 5 0
2700159845 9 2 5
3933838004 8 5 9
254998377 5 2 9
4244013424 8 9 5
1 -10 -10 -10 50 0 8
1985874243 5 0 5
2539054861 5 8 9
3997831368 5 5 0
2829835188 8 5 9
729497238 2 9 5
1603236269 9 2 5
1983477258 8 5 1
2470290644 1 5 2
1 -10 -10 -10 50 1 8
2009818546 7 6 9
2816343394 5 2 9
1347494926 5 0 5
342310100 1 2 5
1860037152 2 5 9
1484004912 10 5 5
2984681215 1 5 8
1334260307 9 2 5
4239347011 2 1 5
1 -10 -10 -10 50 3 8
1009195376 3 8 5
1988368198 1 6 7
3420569954 4 9 5
3844685846 2 9 5
2420952196 5 5 10
2339567269 5 9 2
2874326870 1 2 5
2892218208 5 1 2
524302375 5 10 5
3620683098 8 9 5
4007294646 8 5 9
1 -10 -10 -10 50 0 8
3576084928 1 8 5
1338370318 5 8 9
2656457760 5 5 10
3323314605 10 5 5
2554728851 5 8 1
2068675048 5 1 2
3837433559 1 2 5
1869297983 5 1 8
1 -10 -10 -10 50 2 8
472561727 2 3 8
3843292175 4 1 4
744301861 1 5 2
270466373 1 2 5
1285391447 8 1 5
1597176455 5 1 2
1422546647 5 8 9
1401017537 5 0 5
1424909762 5 8 1
2816590026 2 1 5
1 -10 -10 -10 50 1 8
3762464150 3 8 5
2626083958 8 1 5
2875224499 2 1 5
1094014151 9 5 2
2937957510 1 5 2
3720786565 5 0 5
1919227754 8 5 9
2922323169 2 5 9
3354899918 5 1 2
1 -10 -10 -10 50 0 8
3217149484 9 2 5
2552577479 8 5 9
2202395009 9 5 8
780733954 9 8 5
171046688 5 5 0
2229180329 8 5 1
509532865 5 8 1
1605884571 5 2 1
1 -10 -10 -10 50 0 8
3827798103 5 5 0
2199025319 9 2 5
1078094781 9 8 5
1577641094 1 5 8
922057737 0 5 5
1184361908 9 5 8
3773994189 2 5 1
3339622625 5 1 8
1 -10 -10 -10 50 0 8
1389057229 2 5 9
1903484233 1 5 2
4003402428 5 5 0
3294983120 9 8 5
3475300652 5 10 5
2295500512 8 1 5
1033348303 10 5 5
3117395188 5 9 8
1 -10 -10 -10 50 0 8
3848946907 9 5 8
1956787870 0 5 5
3550114229 5 9 8
545117060 8 1 5
476057709 1 2 5
1723097401 8 9 5
2820105518 8 5 9
2581529317 5 5 0
1 -11 -10 -10 50 3 2
4253716403 3 6 8
639516402 5 10 6
776105685 6 9 8
3156151874 1 2 6
2850440238 10 8 4
1 -11 -10 -10 50 2 2
1928479279 7 4 5
122012685 4 1 2
834916771 9 8 2
971872325 2 2 8
1 -11 -10 -10 50 3 2
1681243809 6 7 9
3075437901 8 3 2
1277775034 8 3 9
3076892367 2 2 8
116584514 9 8 2
1 -11 -10 -10 50 0 2
146586026 10 8 6
1941187277 0 5 5
1 -11 -10 -10 50 0 2
2376437063 9 8 2
197242066 1 8 4
1 -11 -10 -10 50 0 2
3074359649 9 2 8
2352795609 11 5 5
1 -11 -10 -10 50 3 3
2619742882 6 1 4
3296389130 2 4 2
2801693259 6 2 5
1713558131 1 6 8
252732059 10 4 2
3111006634 2 8 2
1 -11 -10 -10 50 2 3
1948163883 8 7 2
2490985741 10 3 7
1361473623 10 4 8
1003629781 1 6 2
4178620663 1 4 2
1 -11 -10 -10 50 2 3
1055335915 4 4 3
2057539817 5 8 4
1531239187 0 5 5
2809208721 11 5 5
1243864505 9 8 2
1 -11 -10 -10 50 3 3
3125688894 5 5 0
3597606981 5 8 1
2226027061 3 6 9
2001196782 9 8 2
2490766602 2 2 8
3351065666 0 5 5
1 -11 -10 -10 50 2 3
4190162883 8 6 3
553882153 9 9 5
3200793386 1 8 6
339985292 10 2 4
4026166574 1 4 8
1 -11 -10 -10 50 1 3
3144594350 9 3 2
2339278673 9 8 2
1983442383 2 2 8
3740754381 2 8 8
1 -11 -10 -10 50 1 3
3545004807 2 5 2
2331311452 1 2 6
2014546488 10 8 4
1766893598 10 6 8
1 -11 -10 -10 50 1 3
3615941973 3 7 1
3841231851 1 4 2
1949521152 10 6 8
729366522 1 2 6
1 -11 -10 -10 50 1 3
361160850 7 8 1
2834464932 9 2 2
3062875816 2 8 8
747853097 1 4 2
1 -11 -10 -10 50 3 3
4029416283 3 3 3
662035996 7 7 9
1810808425 3 8 5
1401554072 1 6 2
2277454847 10 4 8
2131510210 9 2 2
1 -11 -10 -10 50 0 3
628288386 0 5 5
1660278947 9 2 2
1201317273 10 4 8
1 -11 -10 -10 50 3 3
49607017 5 5 1
337950725 3 3 6
3385608593 3 7 6
1898301316 10 2 6
2200132309 1 4 8
4246079514 2 2 2
1 -11 -10 -10 50 2 3
2272355160 6 4 4
3664532171 1 3 4
1041590916 10 6 8
2327913317 1 6 8
3769277547 1 8 6
1 -11 -10 -10 50 0 3
3732737532 1 6 8
921327121 2 8 2
2958025562 2 2 2
1 -11 -10 -10 50 3 3
1244625357 7 7 1
2351068010 6 4 5
1945792992 6 9 7
1108974003 9 2 8
1922161714 0 5 5
618875338 1 4 8
1 -11 -10 -10 50 0 3
4120631857 1 4 2
1090302439 1 4 8
3601483520 2 8 8
1 -11 -10 -10 50 2 3
866860070 9 5 6
1299416160 7 5 4
4187307165 1 8 6
2740703404 0 5 5
1241848985 10 6 8
1 -11 -10 -10 50 2 3
2427831248 4 7 4
3813109781 5 8 7
57087284 2 2 8
654586055 10 6 2
2695309873 1 2 6
1 -11 -10 -10 50 0 3
2845152147 9 8 8
3014564967 10 2 6
3639378760 1 8 6
1 -11 -10 -10 50 2 3
3022729540 5 4 0
1684905813 6 6 6
2866153495 10 6 2
2671830784 1 4 2
3841195428 2 8 8
1 -11 -10 -10 50 0 4
1507414994 2 2 8
3204229765 9 8 2
1113179525 9 2 8
3448834813 10 2 4
1 -11 -10 -10 50 0 4
556221474 1 4 2
1615114874 10 6 8
3973334168 10 4 8
671804866 2 2 8
1 -11 -10 -10 50 1 4
55108188 5 8 3
2055855333 10 6 8
1577387453 1 4 2
3133600011 2 8 8
3533684398 2 2 2
1 -11 -10 -10 50 0 4
1139204812 9 8 8
3912129200 2 2 2
1434852020 2 8 8
3917627908 10 4 2
1 -11 -10 -10 50 0 4
1935323421 11 5 5
3281258806 0 5 5
907234853 1 8 6
1913065244 1 6 8
1 -11 -10 -10 50 1 4
1233324223 4 0 4
2926113897 2 2 2
1965481914 9 8 8
697652913 9 2 2
1329750649 1 6 2
1 -11 -10 -10 50 1 4
2701218233 5 6 6
3358304399 1 4 2
3104858362 10 6 8
387636449 0 5 5
680627399 1 4 8
1 -11 -10 -10 50 2 4
382099532 6 6 2
2085401918 10 4 3
1087153429 10 4 2
1220185717 1 6 8
676508121 2 8 2
311398993 2 2 2
1 -11 -10 -10 50 0 4
1903376280 10 8 6
113844727 1 2 4
3648405050 1 4 8
2204883463 0 5 5
1 -11 -10 -10 50 1 4
2758966017 7 3 1
1953183653 9 8 8
2987182659 2 2 2
1137102352 9 2 8
1671148382 10 8 4
1 -11 -10 -10 50 2 4
2892771873 6 5 9
112362824 2 4 2
538126524 9 2 8
1949143311 9 8 2
3758485019 10 6 2
1634215771 10 4 2
1 -11 -10 -10 50 2 4
4183942800 1 6 5
2962778127 4 10 4
1635874859 2 8 8
2184001114 1 4 2
502530274 10 6 2
3587350518 10 2 4
1 -11 -10 -10 50 3 4
2503966201 10 6 3
4265912902 8 3 3
2243261732 1 7 7
902963055 11 5 5
3526845152 2 2 8
1396719116 1 2 6
1252854553 10 6 8
1 -11 -10 -10 50 0 4
2202492918 9 2 8
3600028152 1 6 8
1032641693 1 4 8
2214930410 9 2 2
1 -11 -10 -10 50 1 4
1409731995 2 6 6
718076433 10 6 8
2656368495 9 2 2
2704380319 9 2 8
1935429496 9 8 8
1 -11 -10 -10 50 1 4
2834576459 5 3 4
2443841602 10 6 8
2334969934 1 8 4
3023808742 10 8 4
2237491955 10 8 6
1 -11 -10 -10 50 2 4
272186460 4 8 5
389654788 3 3 2
387020886 1 6 8
1945835279 9 8 2
2960160649 10 4 8
786023339 10 2 4
1 -11 -10 -10 50 2 4
1287888217 4 0 5
998398570 6 6 1
261276034 2 8 2
2493711696 11 5 5
1994513475 1 6 8
2373215315 2 2 8
1 -11 -10 -10 50 0 4
3838984694 10 2 6
3143681009 1 2 6
2098034755 9 2 2
1373566673 10 2 4
1 -11 -10 -10 50 0 4
1465926933 10 8 6
673874928 1 2 6
3886264813 0 5 5
2296294171 10 4 8
1 -11 -10 -10 50 0 5
1566053155 10 4 8
218858623 1 6 2
1375267251 10 6 2
1087393849 1 2 4
2853649012 11 5 5
1 -11 -10 -10 50 0 5
3126473012 9 2 8
3232456621 2 8 2
3421146521 2 2 8
3975946614 0 5 5
2184744651 1 6 2
1 -11 -10 -10 50 0 5
3632646917 1 8 4
2948407989 10 2 6
2242891325 1 2 6
1904057757 2 2 8
3845922651 9 2 8
1 -11 -10 -10 50 0 5
2505688556 1 6 2
334986361 10 4 8
2057013120 9 8 8
3446685764 11 5 5
4225926392 10 6 2
1 -11 -10 -10 50 0 5
1023978558 9 8 8
1317542612 2 2 2
2977396372 2 8 2
1041346074 9 2 2
4242412215 1 4 2
1 -11 -10 -10 50 2 5
995068497 5 7 5
4222481188 1 7 5
4230097713 0 5 5
1946376729 11 5 5
601631146 1 2 6
121652454 2 2 8
2282568914 2 2 2
1 -11 -10 -10 50 0 5
931615689 9 2 8
2166583988 2 8 2
3505647029 2 2 2
368284502 10 6 8
1098861564 2 2 8
1 -11 -10 -10 50 0 5
3049311421 1 8 4
2490675470 10 2 6
2508253844 9 8 2
3682258975 11 5 5
3122707857 10 2 4
1 -11 -10 -10 50 0 5
2958295764 1 2 6
2452239328 10 8 4
170490185 10 2 4
1613967669 10 6 2
1253208612 1 6 8
1 -11 -10 -10 50 1 5
1680285836 5 2 1
2341825801 2 2 8
522410273 9 8 2
3378643819 1 6 2
1333982498 9 2 2
2571577478 10 4 8
1 -11 -10 -10 50 3 5
1810328795 8 6 7
282715218 5 8 5
2591649064 3 8 7
1002313036 2 2 8
3281109350 10 8 6
1033545211 10 6 2
368427994 11 5 5
498261269 10 6 8
1 -11 -10 -10 50 2 5
3767995920 7 4 10
107701544 7 8 5
236260613 9 2 8
1331749092 10 2 6
3190004344 1 6 8
3693257988 1 2 6
3944059603 10 8 6
1 -11 -10 -10 50 3 5
4173887065 7 4 4
3830021264 3 9 4
316186291 7 8 5
214250405 10 6 8
1921968971 2 8 2
2892413287 9 2 2
2463780686 1 2 4
2212332282 9 8 8
1 -11 -10 -10 50 1 5
2041151483 3 1 7
493202336 9 2 2
1359831190 10 8 6
3782115306 0 5 5
1725662893 1 4 2
4075405404 10 4 2
1 -11 -10 -10 50 3 5
3658689724 4 2 9
4038958525 3 8 5
1915180970 5 2 9
4032448583 1 4 8
2719584474 0 5 5
40795221 1 2 6
1451045434 2 2 8
3340377481 2 8 8
1 -11 -10 -10 50 1 5
1259874448 3 4 7
833606413 9 2 2
3298762136 10 6 8
4174254500 10 8 4
4213933605 2 8 2
1730236098 1 4 8
1 -11 -10 -10 50 3 5
1844247648 4 7 4
2896707778 6 6 0
2362217071 8 1 5
909166334 10 2 4
3361473365 1 4 2
1144542091 2 8 8
2096581120 10 4 2
3648398840 11 5 5
1 -11 -10 -10 50 1 5
1642542435 7 6 0
1273983591 10 6 8
1744272996 1 8 4
673402815 1 6 8
1681730983 1 8 6
810992167 2 8 8
1 -11 -10 -10 50 2 5
3337000559 10 7 7
1425413615 9 1 6
2292879046 9 8 2
382608206 10 8 6
644257633 1 4 8
1861824363 10 4 8
3864281131 9 8 8
1 -11 -10 -10 50 0 5
1337442212 10 8 4
2526661189 2 2 2
1762933437 1 6 2
4073127307 2 8 8
4092801089 0 5 5
1 -11 -10 -10 50 1 6
1242977742 6 2 7
404941696 2 8 2
390886574 9 2 8
4246451735 0 5 5
1458074789 10 2 4
3175437405 10 2 6
2325438719 2 2 2
1 -11 -10 -10 50 0 6
660651688 1 8 6
2812070612 10 2 4
3960814659 1 6 8
2740416454 1 2 4
2182972262 2 8 8
3936535979 2 8 2
1 -11 -10 -10 50 3 6
3979529920 6 4 6
1606590583 5 2 5
429888621 6 6 5
3975473651 10 4 2
979556383 1 6 8
2604801366 9 2 2
3251252916 1 2 6
375409055 1 6 2
3315168984 2 2 8
1 -11 -10 -10 50 0 6
928607869 1 2 4
597081133 10 8 6
1626404986 2 2 2
2725672358 1 4 2
1518538014 1 2 6
1786400626 10 6 2
1 -11 -10 -10 50 0 6
2472528589 1 6 2
660123516 10 4 8
4088845370 10 6 8
244856205 2 8 2
394266595 10 2 4
1272815939 1 8 4
1 -11 -10 -10 50 1 6
3390018212 7 4 5
638132759 1 4 2
240604795 10 6 8
2206584582 2 2 2
1187134850 1 6 2
3967627705 2 8 8
1905068193 9 2 8
1 -11 -10 -10 50 0 6
461157891 2 8 8
2163015571 9 2 2
1801981714 10 4 2
2756199567 9 8 2
9962073 1 2 6
108343590 10 6 2
1 -11 -10 -10 50 0 6
2764460991 9 2 8
1419829537 2 8 2
1985698636 10 2 4
2997711751 1 6 8
2817677393 10 4 8
2487549482 10 4 2
1 -11 -10 -10 50 1 6
1558700697 5 5 4
1356251130 1 6 8
2188635550 10 4 2
4183503287 1 8 6
2292648438 9 2 2
1069761850 1 6 2
2902927306 10 6 8
1 -11 -10 -10 50 3 6
3632369045 3 7 4
3491070600 6 6 9
2439762562 8 6 4
2963459816 10 6 8
818706376 1 4 2
3858495426 10 2 6
3286605873 1 8 6
1136247307 1 8 4
1623056697 9 8 2
1 -11 -10 -10 50 0 6
1527059752 10 8 4
1342771416 9 2 2
4171103827 1 6 8
2274003538 10 2 4
3876649105 1 8 4
3227790165 9 2 8
1 -11 -10 -10 50 3 6
1896713115 5 2 3
3139840041 9 2 3
688288277 5 8 4
2135128867 9 8 8
3279183532 1 8 4
1372026617 1 2 4
1034496672 1 4 8
1671666632 9 8 2
4024567838 1 6 2
1 -11 -10 -10 50 3 6
3408886591 9 6 3
1634373958 8 8 3
448577251 5 3 1
659369236 0 5 5
1861425213 9 2 8
1678445131 1 8 4
3357398356 1 2 4
488604974 9 8 2
3383051468 1 4 2
1 -11 -10 -10 50 2 6
3311767127 4 8 8
2790897241 7 5 8
3901290827 1 2 6
3002048050 10 6 8
3473029546 1 8 4
2822295681 9 8 2
2060949077 11 5 5
2737150366 2 8 8
1 -11 -10 -10 50 3 6
992773462 4 4 6
4129845057 4 3 3
1273227812 6 1 3
3326083705 9 8 2
1093918053 0 5 5
1118438885 10 2 4
3084826153 1 6 2
1556018440 1 4 8
373084684 10 8 4
1 -11 -10 -10 50 2 6
759541076 6 0 6
68035360 4 2 1
3417703454 0 5 5
249926152 1 6 2
3655431047 10 4 2
953143846 9 2 8
890862014 2 8 8
2377600810 1 8 4
1 -11 -10 -10 50 1 6
1342416673 6 5 8
165605409 9 2 2
4202278334 1 2 6
2073075631 10 6 2
2760156009 10 2 6
2560287185 10 6 8
2183694304 1 6 2
1 -11 -10 -10 50 1 6
4280116568 7 1 4
744380927 1 8 6
1516249528 9 2 8
479114088 10 4 2
2101319425 10 6 2
1947959679 9 8 2
108558644 9 8 8
1 -11 -10 -10 50 0 6
679397592 1 2 6
383005093 2 8 2
2287910451 10 6 8
3986545372 1 6 2
643824383 2 2 8
4118410757 1 8 4
1 -11 -10 -10 50 1 6
51835119 4 6 10
4196340147 1 6 2
2673815055 10 6 2
992509134 0 5 5
3686185406 9 2 8
818165433 2 2 8
2005409709 2 8 8
1 -11 -10 -10 50 3 7
3861798041 5 0 7
1560382419 6 7 6
3228425785 5 6 3
1095432584 10 4 2
1274786020 1 6 8
3636399375 10 2 6
3314414474 9 2 2
779199956 11 5 5
2545708361 2 2 8
3466013255 1 4 2
1 -11 -10 -10 50 0 7
2920751196 1 6 2
3087565160 10 4 8
404679574 1 8 4
3807970785 10 8 6
1040185568 1 2 6
1206266546 1 4 2
770938773 9 2 8
1 -11 -10 -10 50 0 7
1107013862 2 2 2
1666647477 9 8 8
3383802196 1 4 2
4150209541 10 8 6
4081491818 10 4 8
2412648832 1 8 4
3157287419 10 6 2
1 -11 -10 -10 50 1 7
3118278123 3 5 9
2310232884 1 8 6
1281991968 10 2 4
315296885 10 4 8
1736805551 2 2 2
721618610 10 6 2
3807207235 2 8 2
1903933014 0 5 5
1 -11 -10 -10 50 1 7
2870908134 5 8 4
1741905887 10 6 2
1906653746 1 4 8
3917657598 9 8 2
831693392 9 2 8
1493308911 9 2 2
643070001 10 4 8
1847969890 2 2 8
1 -11 -10 -10 50 0 7
4244004956 2 2 2
1055712231 9 8 8
1993397606 2 2 8
1572104867 1 8 4
422522675 1 4 8
3179415932 9 8 2
199615623 1 2 6
1 -11 -10 -10 50 3 7
1361704021 6 3 2
1086508362 3 2 4
1492595240 3 5 1
1834070258 1 6 8
753885921 10 4 2
2323614473 10 6 2
3576871350 9 2 8
568476350 10 2 4
1756174189 1 6 2
1912175158 1 8 4
1 -11 -10 -10 50 2 7
2209537704 6 8 3
1531509286 2 6 2
2896539398 9 2 2
1911587323 2 8 8
4124095940 10 8 6
3653339939 11 5 5
3213623300 1 4 2
3151271859 1 6 2
277874416 1 4 8
1 -11 -10 -10 50 0 7
2589273128 10 8 4
3226838071 1 2 6
1880182485 1 4 2
1043819503 9 2 8
1003894398 0 5 5
3705139254 1 8 6
668544519 2 2 8
1 -11 -10 -10 50 0 7
2863140765 2 2 2
2125893288 9 8 8
2430604697 9 2 8
4094421566 1 2 4
693140089 10 4 2
1284621914 2 2 8
2136397242 10 2 4
1 -11 -10 -10 50 0 7
1607939423 10 4 2
4289736537 9 2 2
2755487696 1 6 2
3764223131 10 2 4
1665928209 1 8 4
2908124685 1 4 2
2140928962 2 8 2
1 -11 -10 -10 50 0 7
3882168714 10 2 4
808601810 9 8 8
2467301200 2 2 8
53840504 9 2 8
1218420682 10 2 6
588005838 10 4 8
3932561113 1 2 6
1 -11 -10 -10 50 0 7
105964838 1 4 2
2094504008 10 8 4
1372506110 2 8 8
2607134100 9 8 8
2663808967 10 4 2
1703415591 1 4 8
4293962359 11 5 5
1 -11 -10 -10 50 0 7
1184395350 1 6 2
3758122605 9 2 8
65754936 1 8 4
2330780394 9 8 2
971622403 10 8 6
3386466946 2 8 8
2926279463 1 4 2
1 -11 -10 -10 50 1 7
3404586233 2 3 3
71955549 9 2 2
1869725405 1 8 6
147889402 11 5 5
4158275364 10 4 8
835175479 10 2 6
106900443 9 2 8
2552457835 2 2 2
1 -11 -10 -10 50 3 7
866410336 4 6 1
1701232133 2 5 5
3583542618 7 6 0
2690113094 1 2 6
1612194187 2 8 2
230604302 2 8 8
3110658921 10 6 2
4204606556 10 6 8
4052727741 1 8 6
2990390741 1 6 8
1 -11 -10 -10 50 1 7
4110054667 6 8 5
4194820931 10 4 8
2686528495 1 6 8
1483105270 1 2 4
22768594 9 8 2
1193520423 1 8 6
1094061686 10 6 2
1892472938 9 8 8
1 -11 -10 -10 50 0 7
2229050430 10 4 8
2141937281 9 2 2
3631492680 10 2 4
3890407819 11 5 5
1430646863 10 2 6
1605892977 10 6 2
2587616499 10 4 2
1 -11 -10 -10 50 0 7
2149496499 9 2 2
1684160113 1 8 6
3599174026 10 6 2
403695984 9 8 2
2066884464 10 6 8
181466403 10 2 6
2417825403 2 8 2
1 -11 -10 -10 50 0 7
4248427201 2 2 8
3804976893 9 2 2
842467862 2 2 2
701836637 1 2 6
404706531 10 8 6
4220697145 10 4 2
1082857422 10 4 8
1 -11 -10 -10 50 0 8
1026585868 1 6 2
1187057146 10 4 8
152688557 9 8 8
3504996718 1 4 2
1217846162 2 2 8
1061692362 10 6 2
3944975933 1 4 8
3200612931 2 8 8
1 -11 -10 -10 50 0 8
3644314132 9 8 8
3095395056 2 2 2
289642090 10 6 2
2636268274 10 6 8
3052865042 1 6 8
3023769515 1 8 6
2630188592 10 2 4
1762206562 1 2 6
1 -11 -10 -10 50 0 8
2516730838 1 4 2
2812481581 10 6 8
3389584098 10 8 6
2181995098 10 6 2
906013051 1 2 6
689029382 9 8 2
441815414 10 4 2
3355998913 1 8 6
1 -11 -10 -10 50 0 8
3994075892 10 8 6
1990624146 1 2 4
1905053623 10 4 8
169327398 1 8 4
303949506 2 2 2
168075543 10 6 8
2028056697 1 2 6
2354073913 11 5 5
1 -11 -10 -10 50 0 8
1419334552 1 2 4
3452565525 10 8 6
312339601 2 2 8
684905868 10 2 6
899060560 1 6 2
1226038171 1 4 8
3207876324 9 2 8
3689864056 9 8 8
1 -11 -10 -10 50 2 8
2063100537 7 9 4
2207023943 7 5 2
4106523756 2 8 8
4174569761 9 2 2
2264183119 11 5 5
1451193988 10 8 4
699827572 1 2 4
3741693725 1 4 2
3985118535 9 8 2
3089027357 10 4 2
1 -11 -10 -10 50 0 8
4142916161 2 8 2
3531156349 9 2 8
2658597356 1 2 6
2172128633 10 8 4
1160776923 9 2 2
882046486 1 8 6
1008296240 11 5 5
856504436 1 4 2
1 -11 -10 -10 50 0 8
1291748485 1 4 8
28247785 10 6 2
2814514515 1 8 6
1878615786 10 4 8
442752855 11 5 5
1958756269 2 2 2
566096040 0 5 5
1495112956 2 8 2
1 -11 -10 -10 50 0 8
2130955574 10 4 2
2574328331 1 6 8
103021583 1 8 6
2104217105 10 6 2
2190540719 11 5 5
1676132168 2 2 2
921047683 2 2 8
4125226372 2 8 8
1 -11 -10 -10 50 0 8
120639839 9 8 8
4009596695 2 2 2
464797499 10 2 4
4019035125 0 5 5
1196528500 9 8 2
938720792 10 4 8
2439977033 1 4 8
4000207407 10 2 6
1 -11 -10 -10 50 0 8
2767516052 1 8 4
1490297709 2 2 8
2014787089 2 8 8
3765391778 1 4 8
928040700 2 8 2
3313828486 1 2 6
1623344820 1 2 4
518725777 1 4 2
1 -11 -10 -10 50 1 8
3635191826 7 6 2
1571830449 1 2 4
1868734165 1 4 8
27079836 1 2 6
695916892 1 8 4
1729464178 2 8 8
172450047 1 6 8
1766190692 9 8 2
230933787 10 6 8
1 -11 -10 -10 50 0 8
2266758308 9 2 8
3216191469 9 2 2
2432365091 10 4 8
332574250 10 6 8
3477686731 1 4 8
2367839216 10 2 6
2760832480 10 2 4
3644797551 10 8 6
1 -11 -10 -10 50 0 8
9576945 2 8 8
1870743681 1 4 2
1642947531 2 2 2
1395663419 9 8 2
4240554780 11 5 5
210596675 10 8 6
940284542 10 4 2
389913584 1 8 4
1 -11 -10 -10 50 3 8
519690609 6 2 3
3462511592 4 4 10
36723760 4 3 8
2396933117 1 8 4
871870781 10 8 4
497474938 9 2 8
919111867 2 8 8
3540245621 9 8 8
4169116741 2 2 8
3624333623 1 6 2
3799676254 1 8 6
1 -11 -10 -10 50 2 8
2647680826 3 8 3
3431544084 6 7 9
3750134644 10 6 2
1751258343 2 2 8
3371738332 1 8 4
3317939461 1 8 6
1060684000 11 5 5
1160135809 1 4 2
4094432112 9 2 8
266765580 1 6 2
1 -11 -10 -10 50 3 8
184116050 5 3 10
1038985945 6 4 9
1892432455 4 10 5
2090756196 1 2 4
3494423773 1 6 2
1401940615 2 2 2
532425901 0 5 5
1719176490 10 2 4
1942090906 9 2 8
216738302 10 4 2
3420835155 9 8 2
1 -11 -10 -10 50 1 8
1995817593 7 1 2
849305322 2 8 2
1978757206 10 4 8
2187412375 10 4 2
2620158983 1 4 8
1258170417 10 6 8
1492374520 1 8 4
1649992075 9 8 2
2833201015 10 2 4
1 -11 -10 -10 50 3 8
2813281618 7 5 5
2272868897 10 6 5
4225148719 6 7 4
2448946900 1 8 4
2451541585 1 4 2
984616076 10 4 2
3023137457 1 8 6
1839885722 0 5 5
624918319 9 2 8
325523232 10 8 4
2012400557 1 2 4
1 -11 -10 -10 50 1 8
1782105446 4 5 8
4254509999 1 8 4
752424249 1 6 8
652246288 2 8 2
1502609581 10 8 4
984396722 10 6 2
2835496880 1 6 2
568893433 9 8 2
1199176332 1 8 6
1 -60000 -60000 -60000 2675000000 1 2
2344712067 29300 30000 30000
3665030759 30000 27000 34000
3326947083 30000 33000 26000
1 -60000 -60000 -60000 2675000000 3 2
3121355378 28600 31400 30700
1612197893 30000 32100 30000
1047582257 31400 28600 30700
1115147435 27000 30000 34000
1998796490 33000 30000 26000
1 -60000 -60000 -60000 2675000000 1 2
4059536972 31400 31400 30000
2291362475 26000 33000 30000
3663484203 34000 27000 30000
1 -60000 -60000 -60000 2675000000 1 2
502725109 28600 28600 31400
2116413114 33000 26000 30000
1802054390 34000 30000 33000
1 -60000 -60000 -60000 2675000000 0 2
2659544357 30000 34000 33000
4282137190 34000 30000 27000
1 -60000 -60000 -60000 2675000000 0 2
2766156199 27000 30000 26000
802503099 25000 30000 30000
1 -60000 -60000 -60000 2675000000 1 3
2317047792 32100 30000 30000
95970679 26000 33000 30000
1789910395 34000 27000 30000
2433708751 30000 35000 30000
1 -60000 -60000 -60000 2675000000 1 3
2992254521 28600 27900 30700
37746843 27000 26000 30000
3566599576 33000 34000 30000
3207057262 27000 30000 34000
1 -60000 -60000 -60000 2675000000 3 3
1499988338 28600 32100 27900
1809266461 27900 27900 29300
3067919734 27900 30700 32100
1190243991 30000 34000 33000
3445774852 30000 26000 27000
903623685 27000 34000 30000
1 -60000 -60000 -60000 2675000000 0 3
1939691087 27000 26000 30000
2546914637 33000 34000 30000
3983525291 30000 27000 34000
1 -60000 -60000 -60000 2675000000 0 3
1654048674 30000 34000 27000
3150006098 30000 26000 33000
4198065082 27000 30000 34000
1 -60000 -60000 -60000 2675000000 1 3
3015398628 28600 30700 31400
2970364722 34000 33000 30000
2703108217 26000 27000 30000
781008157 27000 26000 30000
1 -60000 -60000 -60000 2675000000 2 3
873799378 29300 30000 27900
2983730935 29300 30000 30700
1549086391 26000 30000 27000
3080707086 34000 30000 33000
2529688960 30000 34000 27000
1 -60000 -60000 -60000 2675000000 2 3
1041766103 31400 30700 32100
1177732892 27900 32100 27900
2731339416 35000 30000 30000
1662673397 25000 30000 30000
1751088457 30000 33000 34000
1 -60000 -60000 -60000 2675000000 0 3
3062483090 27000 34000 30000
4193895852 33000 26000 30000
584812800 34000 27000 30000
1 -60000 -60000 -60000 2675000000 3 3
2112077333 31400 32100 31400
1066713668 30700 30700 30000
41529433 30000 27900 31400
1936286512 30000 25000 30000
4152363548 30000 35000 30000
1653143454 27000 26000 30000
1 -60000 -60000 -60000 2675000000 0 3
2171051618 27000 30000 26000
1503787317 33000 30000 26000
572418626 30000 27000 26000
1 -60000 -60000 -60000 2675000000 1 3
3787242254 29300 28600 30000
1647214356 35000 30000 30000
4025483015 26000 33000 30000
1027985993 33000 34000 30000
1 -60000 -60000 -60000 2675000000 2 3
2318213273 31400 30700 27900
489134245 27900 27900 27900
2224688525 30000 27000 26000
2324198500 26000 33000 30000
4252897176 26000 27000 30000
1 -60000 -60000 -60000 2675000000 0 3
3436457480 33000 30000 34000
2137144697 27000 30000 34000
2818286299 30000 34000 33000
1 -60000 -60000 -60000 2675000000 0 3
2035813051 33000 30000 34000
3928642233 35000 30000 30000
1590294035 33000 30000 26000
1 -60000 -60000 -60000 2675000000 1 3
3578899974 28600 31400 30700
1293397690 30000 35000 30000
2759178913 34000 30000 27000
1744551374 35000 30000 30000
1 -60000 -60000 -60000 2675000000 3 3
4284140156 27900 30000 31400
2302141 28600 27900 31400
3204615175 30000 28600 27900
3467779243 33000 30000 26000
2595521006 33000 34000 30000
2101050239 27000 30000 26000
1 -60000 -60000 -60000 2675000000 0 3
1547487237 26000 33000 30000
2769666631 30000 33000 34000
27059465 35000 30000 30000
1 -60000 -60000 -60000 2675000000 0 3
1311306454 34000 33000 30000
2723988447 30000 33000 26000
4150802724 30000 33000 34000
1 -60000 -60000 -60000 2675000000 0 3
3282827825 27000 34000 30000
1609365434 35000 30000 30000
4003833322 33000 34000 30000
1 -60000 -60000 -60000 2675000000 2 4
762877016 30700 30000 28600
4285576520 31400 30000 30700
607172895 30000 33000 26000
631487341 30000 27000 34000
3077028470 30000 30000 35000
2910801272 26000 30000 27000
1 -60000 -60000 -60000 2675000000 0 4
3372143923 33000 30000 34000
2089141571 27000 30000 26000
1231143902 30000 30000 25000
1210920592 30000 35000 30000
1 -60000 -60000 -60000 2675000000 0 4
2700750114 30000 35000 30000
165773912 30000 25000 30000
2869853285 30000 30000 25000
4103230646 34000 30000 27000
1 -60000 -60000 -60000 2675000000 2 4
3453266017 28600 30700 29300
3359577516 32100 31400 28600
3574546350 27000 34000 30000
529184275 33000 26000 30000
2259434934 26000 33000 30000
3600382245 33000 30000 26000
1 -60000 -60000 -60000 2675000000 1 4
1259771602 30000 28600 31400
3631878774 30000 27000 34000
261313521 30000 33000 26000
3790159190 26000 30000 33000
2821309325 30000 34000 27000
1 -60000 -60000 -60000 2675000000 0 4
2139142793 30000 34000 27000
3151383176 30000 26000 33000
3246882870 27000 30000 34000
2797287730 27000 34000 30000
1 -60000 -60000 -60000 2675000000 2 4
1463542670 31400 32100 28600
1415242019 29300 28600 28600
2325309259 34000 30000 33000
2877449088 26000 30000 27000
3726115253 27000 26000 30000
1061955334 27000 30000 34000
1 -60000 -60000 -60000 2675000000 2 4
134560912 31400 30000 30700
1998286956 29300 27900 27900
3837032376 25000 30000 30000
458002295 35000 30000 30000
1152601798 33000 34000 30000
3793288528 30000 35000 30000
1 -60000 -60000 -60000 2675000000 2 4
2700547924 27900 32100 31400
676998558 31400 31400 32100
4184651843 33000 30000 34000
396619488 27000 30000 26000
1116071901 30000 25000 30000
2587388068 34000 33000 30000
1 -60000 -60000 -60000 2675000000 0 4
1835552609 34000 27000 30000
15028568 26000 33000 30000
2789597220 25000 30000 30000
2863722604 33000 26000 30000
1 -60000 -60000 -60000 2675000000 1 4
2117742012 31400 27900 27900
2942236161 33000 30000 26000
1703437130 34000 30000 27000
2885617925 33000 34000 30000
4107864699 33000 26000 30000
1 -60000 -60000 -60000 2675000000 1 4
1680568500 27900 31400 32100
2653377138 33000 26000 30000
1857500391 33000 34000 30000
2820662055 30000 34000 27000
2591066117 26000 30000 27000
1 -60000 -60000 -60000 2675000000 0 4
3045712799 33000 26000 30000
2740580383 34000 33000 30000
1223884231 34000 30000 33000
3119134818 26000 30000 33000
1 -60000 -60000 -60000 2675000000 2 4
69776518 28600 28600 31400
3875625114 30000 27900 29300
141673686 30000 33000 34000
2639729406 30000 33000 26000
1889611874 26000 30000 27000
2223343784 30000 34000 27000
1 -60000 -60000 -60000 2675000000 1 4
4154162949 27900 29300 30000
1956554232 33000 34000 30000
3956930488 30000 33000 26000
2879793409 30000 34000 33000
4081365699 34000 33000 30000
1 -60000 -60000 -60000 2675000000 0 4
3066283379 30000 33000 26000
801216448 30000 25000 30000
3496502246 30000 34000 27000
3326857629 34000 30000 33000
1 -60000 -60000 -60000 2675000000 0 4
26089067 27000 30000 26000
1313059719 26000 33000 30000
4141400876 26000 30000 33000
3470547686 30000 33000 34000
1 -60000 -60000 -60000 2675000000 1 4
276372907 29300 28600 28600
1389446903 27000 30000 26000
2117135914 30000 34000 33000
839537323 30000 26000 33000
1240013625 27000 30000 34000
1 -60000 -60000 -60000 2675000000 1 4
2867455757 30700 30000 28600
3698134503 33000 34000 30000
2684659237 30000 30000 25000
2305098722 27000 30000 26000
355616249 30000 33000 34000
1 -60000 -60000 -60000 2675000000 2 4
2315715851 30700 32100 29300
393431253 30000 29300 28600
1924702993 30000 30000 25000
4025665309 30000 27000 34000
166354865 27000 30000 34000
3078820740 34000 33000 30000
1 -60000 -60000 -60000 2675000000 2 5
2811048097 27900 27900 28600
2048506320 32100 30700 30000
2700199223 33000 26000 30000
2533224141 27000 34000 30000
3633049884 34000 30000 27000
3691851024 30000 34000 33000
2290859728 30000 33000 26000
1 -60000 -60000 -60000 2675000000 2 5
3239566479 30000 29300 27900
1906692238 30000 29300 30000
2126659823 33000 26000 30000
1316453837 27000 34000 30000
3795570485 27000 30000 26000
3639044029 35000 30000 30000
707916880 30000 34000 27000
1 -60000 -60000 -60000 2675000000 0 5
1493553863 30000 27000 34000
986114286 30000 33000 26000
2709792791 27000 26000 30000
4000650469 30000 27000 26000
1801780176 25000 30000 30000
1 -60000 -60000 -60000 2675000000 1 5
3225568055 30700 29300 32100
2567642079 27000 34000 30000
1429282153 33000 26000 30000
4060915864 30000 34000 33000
3363469774 30000 33000 26000
828372810 34000 33000 30000
1 -60000 -60000 -60000 2675000000 0 5
2746566764 34000 30000 27000
4222050980 26000 30000 33000
1130479983 30000 34000 27000
3651117810 30000 25000 30000
3085162988 30000 27000 26000
1 -60000 -60000 -60000 2675000000 3 5
156304711 30700 30700 30000
3080885101 31400 32100 30700
984418628 30000 30700 31400
1137301153 30000 33000 26000
1188735696 30000 27000 34000
846847732 30000 34000 27000
3801032627 30000 26000 27000
978983928 30000 27000 26000
1 -60000 -60000 -60000 2675000000 2 5
4268624013 31400 32100 29300
1512371366 31400 29300 31400
1094845362 33000 26000 30000
9363901 27000 34000 30000
3462469087 33000 30000 26000
3783112952 27000 26000 30000
1941058991 30000 25000 30000
1 -60000 -60000 -60000 2675000000 0 5
2115183695 33000 30000 26000
3311898192 27000 30000 34000
638080216 27000 34000 30000
3537958914 30000 33000 34000
3093268810 30000 35000 30000
1 -60000 -60000 -60000 2675000000 0 5
1970139853 30000 25000 30000
374456372 30000 35000 30000
1052703812 34000 30000 33000
1161370140 30000 33000 26000
239934208 35000 30000 30000
1 -60000 -60000 -60000 2675000000 1 5
1511961195 28600 32100 30700
3075023509 30000 33000 34000
2862878092 30000 27000 26000
1722437314 35000 30000 30000
2380577120 33000 34000 30000
30676423 34000 30000 27000
1 -60000 -60000 -60000 2675000000 3 5
1559474552 28600 28600 31400
3333961802 28600 30700 28600
2542919934 32100 27900 32100
4160602248 26000 33000 30000
1152260788 30000 34000 33000
1608410122 26000 27000 30000
2367206447 27000 26000 30000
1978299261 33000 30000 26000
1 -60000 -60000 -60000 2675000000 0 5
2919340175 34000 30000 27000
1309057419 27000 34000 30000
3892255549 35000 30000 30000
1189816759 30000 27000 34000
1780258404 30000 30000 35000
1 -60000 -60000 -60000 2675000000 0 5
397611584 26000 30000 27000
758743314 30000 30000 35000
1514530854 27000 30000 34000
3304615663 30000 33000 26000
2295859555 35000 30000 30000
1 -60000 -60000 -60000 2675000000 0 5
2971408283 30000 27000 34000
2345181144 30000 27000 26000
2218546025 30000 34000 33000
2766190343 30000 34000 27000
950264813 30000 30000 35000
1 -60000 -60000 -60000 2675000000 1 5
1891594035 30700 28600 30700
2626763354 30000 33000 34000
1935691901 33000 30000 34000
1358536448 35000 30000 30000
2662770219 33000 26000 30000
430794313 30000 30000 35000
1 -60000 -60000 -60000 2675000000 3 5
74210995 31400 27900 27900
1894056387 27900 32100 30700
1582154776 31400 30700 30000
3726005982 26000 27000 30000
172564968 30000 30000 35000
1771690375 34000 30000 27000
1438166172 27000 30000 26000
1680550982 25000 30000 30000
1 -60000 -60000 -60000 2675000000 0 5
1994249345 33000 34000 30000
284512178 30000 25000 30000
2611847935 30000 33000 34000
3766739087 27000 34000 30000
2307956518 30000 26000 27000
1 -60000 -60000 -60000 2675000000 1 5
1426076165 28600 30000 31400
3014364226 30000 33000 26000
2329473858 30000 35000 30000
3233725892 27000 30000 34000
825941094 34000 33000 30000
3148481946 26000 30000 33000
1 -60000 -60000 -60000 2675000000 0 5
204090558 33000 34000 30000
166658160 26000 30000 27000
1782174602 30000 27000 34000
3441452229 27000 30000 34000
3223650926 30000 27000 26000
1 -60000 -60000 -60000 2675000000 0 5
1278592286 30000 34000 33000
3715721675 30000 27000 34000
656841510 34000 30000 33000
354409546 26000 27000 30000
2982207764 25000 30000 30000
1 -60000 -60000 -60000 2675000000 2 6
2464416411 30000 27900 29300
1216812906 29300 32100 28600
3069388884 27000 26000 30000
3084546940 33000 34000 30000
3352548800 34000 30000 27000
1732219854 35000 30000 30000
2411267374 27000 30000 34000
2079933103 34000 30000 33000
1 -60000 -60000 -60000 2675000000 3 6
3180065583 32100 28600 29300
2198468837 28600 28600 30000
2196160798 30000 31400 27900
3266570614 27000 34000 30000
267162665 33000 26000 30000
1104884949 34000 33000 30000
808103183 27000 30000 34000
1441809638 30000 26000 27000
3246264609 34000 30000 27000
1 -60000 -60000 -60000 2675000000 1 6
3115173272 28600 31400 31400
1958669284 26000 27000 30000
250818658 34000 33000 30000
2458463023 33000 30000 34000
626761623 30000 33000 34000
1445298561 30000 26000 27000
2723330383 30000 35000 30000
1 -60000 -60000 -60000 2675000000 1 6
2157748383 29300 32100 30000
1282230668 35000 30000 30000
4047052955 25000 30000 30000
4237414866 30000 33000 34000
3135275468 30000 26000 27000
96674432 27000 30000 34000
2002380650 26000 33000 30000
1 -60000 -60000 -60000 2675000000 3 6
3017254122 29300 28600 30000
4072180527 28600 31400 30000
633273419 30700 30700 31400
2009392118 30000 35000 30000
1235691635 30000 25000 30000
2463722329 30000 26000 27000
1924112601 30000 34000 27000
355080625 30000 27000 26000
2436777735 30000 27000 34000
1 -60000 -60000 -60000 2675000000 0 6
2629585988 30000 26000 33000
3914541898 30000 34000 27000
802284608 33000 26000 30000
1571163864 33000 30000 26000
2073830595 35000 30000 30000
153038838 30000 30000 25000
1 -60000 -60000 -60000 2675000000 0 6
1059574579 27000 34000 30000
1028975061 33000 26000 30000
555956677 30000 30000 25000
497732295 30000 34000 27000
4061452064 33000 30000 34000
3995725826 33000 30000 26000
1 -60000 -60000 -60000 2675000000 2 6
1149131006 30000 30000 30000
1438440896 29300 30000 30000
1493024086 30000 30000 25000
3509121447 30000 30000 35000
1513734543 30000 33000 34000
357664269 26000 33000 30000
2365564617 25000 30000 30000
3667803129 30000 25000 30000
1 -60000 -60000 -60000 2675000000 0 6
1823142820 27000 30000 34000
602797309 33000 30000 26000
101853513 34000 30000 33000
785589147 26000 33000 30000
320202255 26000 27000 30000
2285888950 34000 33000 30000
1 -60000 -60000 -60000 2675000000 3 6
4250720795 31400 30700 29300
4165584779 30000 31400 28600
1666682975 30000 29300 29300
1644008743 27000 30000 26000
1404770699 33000 30000 34000
4205217574 34000 30000 33000
422047793 30000 27000 34000
3462026632 27000 26000 30000
2256037304 34000 27000 30000
1 -60000 -60000 -60000 2675000000 3 6
1699064535 31400 29300 31400
3184837405 32100 32100 28600
226944896 30700 29300 30000
1005348886 27000 34000 30000
83021813 30000 30000 35000
998570235 26000 30000 33000
664237874 30000 25000 30000
813285865 30000 34000 27000
1477765277 35000 30000 30000
1 -60000 -60000 -60000 2675000000 2 6
3506858776 31400 27900 28600
3534565789 28600 28600 31400
147008036 26000 33000 30000
3247768010 27000 30000 26000
480838851 30000 26000 27000
4132875330 34000 30000 33000
2886674423 25000 30000 30000
2696989879 30000 30000 35000
1 -60000 -60000 -60000 2675000000 1 6
2148972421 30000 31400 28600
2042136503 30000 30000 25000
816164447 33000 30000 34000
3696215247 34000 27000 30000
961156457 33000 34000 30000
999809052 26000 30000 27000
2231221150 34000 33000 30000
1 -60000 -60000 -60000 2675000000 2 6
3548043142 28600 31400 27900
3951856399 29300 27900 32100
690765286 26000 30000 33000
3689873075 30000 33000 26000
2221732011 27000 30000 34000
1155865136 33000 30000 34000
2527158124 25000 30000 30000
2308945010 34000 30000 33000
1 -60000 -60000 -60000 2675000000 3 6
2916677514 30700 30700 32100
4043020769 27900 27900 32100
1183887462 30700 27900 28600
1439614022 30000 30000 25000
2374133558 30000 35000 30000
1167986200 30000 27000 26000
434267692 33000 30000 26000
2112375080 33000 34000 30000
3940293738 30000 27000 34000
1 -60000 -60000 -60000 2675000000 0 6
3151680898 30000 33000 34000
534701743 26000 33000 30000
1718408858 30000 30000 35000
3420912151 27000 30000 26000
467804280 26000 27000 30000
2964838474 30000 33000 26000
1 -60000 -60000 -60000 2675000000 0 6
2777973060 26000 27000 30000
13901122 34000 30000 33000
705776086 30000 27000 34000
1992321818 25000 30000 30000
3198570594 27000 30000 34000
1770041268 30000 30000 25000
1 -60000 -60000 -60000 2675000000 0 6
337969511 34000 27000 30000
3695200241 33000 30000 34000
3495757412 26000 30000 33000
3459199734 30000 35000 30000
2592128937 25000 30000 30000
2103169775 34000 33000 30000
1 -60000 -60000 -60000 2675000000 2 6
3500006641 30700 29300 30700
2599990565 28600 30700 32100
661566031 30000 35000 30000
2993084540 25000 30000 30000
3414403301 26000 33000 30000
2000935034 34000 30000 27000
11821164 30000 27000 26000
2427697535 30000 30000 35000
1 -60000 -60000 -60000 2675000000 0 6
2370603877 35000 30000 30000
2512930973 30000 30000 35000
2099425402 30000 33000 26000
4131199600 30000 26000 27000
699737028 30000 27000 26000
3350921468 27000 34000 30000
1 -60000 -60000 -60000 2675000000 3 7
2926041901 32100 27900 32100
1334092774 27900 27900 27900
73307697 29300 32100 30700
2536985116 27000 26000 30000
413471861 33000 34000 30000
608836773 25000 30000 30000
4079054757 33000 30000 26000
3836453595 30000 30000 35000
284324529 35000 30000 30000
1624517684 30000 30000 25000
1 -60000 -60000 -60000 2675000000 2 7
1256138303 30700 30700 27900
774509626 32100 30000 27900
3371719000 25000 30000 30000
3961594376 35000 30000 30000
3535207210 33000 26000 30000
2422949293 30000 27000 34000
3917263393 33000 30000 34000
594423266 30000 25000 30000
1647321122 30000 33000 34000
1 -60000 -60000 -60000 2675000000 2 7
1618268640 29300 27900 31400
143683603 28600 27900 30700
3724211444 27000 30000 26000
2396589322 33000 30000 34000
3170102627 30000 26000 33000
2324016161 30000 34000 33000
3461065472 27000 30000 34000
1661618534 26000 33000 30000
2312805414 34000 27000 30000
1 -60000 -60000 -60000 2675000000 3 7
1042411756 31400 27900 31400
344544959 28600 31400 27900
3074499935 27900 31400 29300
807802465 26000 30000 33000
3805597701 34000 30000 27000
793516690 30000 33000 26000
4009682938 30000 30000 35000
359678592 33000 34000 30000
42997102 27000 30000 26000
1158658346 27000 34000 30000
1 -60000 -60000 -60000 2675000000 0 7
2236798065 30000 30000 35000
1564015304 30000 30000 25000
2887428084 30000 26000 33000
3359321840 30000 34000 33000
2404933558 30000 33000 26000
1577549651 26000 27000 30000
1738939238 34000 33000 30000
1 -60000 -60000 -60000 2675000000 2 7
2385771730 30700 29300 30000
256279201 31400 29300 32100
1934573018 30000 34000 33000
1604667969 30000 26000 27000
1714803623 27000 34000 30000
4224560656 26000 27000 30000
1673649990 33000 30000 26000
699494533 26000 30000 33000
3249211656 35000 30000 30000
1 -60000 -60000 -60000 2675000000 0 7
3151426951 33000 30000 26000
2738475938 27000 30000 34000
4137990896 33000 34000 30000
1449340183 30000 34000 27000
2921035800 30000 27000 34000
1696690126 30000 30000 35000
1187121204 26000 27000 30000
1 -60000 -60000 -60000 2675000000 1 7
193565300 30700 28600 30700
11554966 26000 33000 30000
2815709352 34000 27000 30000
612762258 27000 30000 26000
1475340989 30000 26000 27000
3111136192 33000 30000 26000
494693180 26000 30000 27000
891819969 34000 30000 33000
1 -60000 -60000 -60000 2675000000 2 7
3749984399 27900 30700 30700
3793923185 27900 30700 32100
3600117169 33000 34000 30000
2726612219 27000 26000 30000
1404037649 26000 30000 27000
670551938 30000 27000 34000
1109131085 27000 30000 34000
2789530515 30000 30000 35000
1668661131 30000 30000 25000
1 -60000 -60000 -60000 2675000000 3 7
817359329 32100 31400 30700
1423206849 27900 28600 32100
1454493619 29300 30000 30000
900097366 26000 30000 27000
3771798725 34000 30000 33000
1620944869 27000 26000 30000
1583252427 30000 27000 34000
3232155545 30000 34000 33000
1876188632 27000 34000 30000
405733954 30000 33000 26000
1 -60000 -60000 -60000 2675000000 2 7
121734195 28600 32100 29300
1464515699 30000 28600 32100
1607511511 30000 34000 33000
3016479263 30000 26000 33000
2347362166 33000 30000 26000
3118678757 33000 34000 30000
1190342087 34000 30000 33000
325491068 25000 30000 30000
2590447281 26000 27000 30000
1 -60000 -60000 -60000 2675000000 0 7
293740272 27000 30000 34000
2052572910 30000 27000 34000
1731624429 27000 30000 26000
3695826204 30000 26000 27000
739601576 33000 26000 30000
3860051128 30000 34000 27000
2391790219 26000 30000 33000
1 -60000 -60000 -60000 2675000000 0 7
3367788101 27000 30000 26000
2760146339 30000 34000 27000
4153833121 30000 30000 35000
1305106576 33000 30000 26000
1941464355 26000 30000 33000
376534230 30000 34000 33000
1613229893 30000 33000 34000
1 -60000 -60000 -60000 2675000000 3 7
3075500821 27900 31400 27900
1283510002 30700 32100 32100
2970379901 32100 30000 31400
1287011741 34000 33000 30000
3050289132 26000 30000 27000
1659061016 33000 30000 26000
3528373697 34000 30000 27000
2153281661 27000 34000 30000
2264423160 30000 34000 33000
4258159459 33000 30000 34000
1 -60000 -60000 -60000 2675000000 2 7
1279877740 30000 28600 29300
1249091740 30700 30000 29300
3149622853 30000 35000 30000
1495701448 30000 27000 26000
2152217175 27000 30000 26000
1297634241 25000 30000 30000
3771283358 34000 30000 27000
2834730900 33000 34000 30000
472951865 33000 26000 30000
1 -60000 -60000 -60000 2675000000 1 7
184593777 28600 31400 30700
4076193720 26000 27000 30000
1036527703 30000 30000 35000
4171421359 30000 34000 27000
3908924763 26000 30000 33000
3592406447 27000 30000 26000
480590807 27000 34000 30000
2620053632 30000 27000 34000
1 -60000 -60000 -60000 2675000000 0 7
740916423 26000 33000 30000
2731285661 30000 27000 26000
1795263401 26000 30000 33000
1152314065 30000 35000 30000
4037569462 30000 34000 33000
1169993536 34000 33000 30000
4177412779 30000 30000 25000
1 -60000 -60000 -60000 2675000000 1 7
3689674760 30000 28600 30000
2379717630 34000 30000 27000
3463534497 30000 33000 34000
509186297 26000 27000 30000
3680705039 33000 30000 26000
1180271344 30000 26000 27000
702627694 26000 30000 27000
2272525608 30000 27000 34000
1 -60000 -60000 -60000 2675000000 3 7
3465757736 31400 29300 32100
923224452 29300 32100 32100
3044619943 29300 27900 32100
4068619825 30000 26000 33000
2904216642 26000 33000 30000
3193510638 27000 30000 26000
392178404 33000 30000 26000
2204774187 33000 26000 30000
4167593067 30000 35000 30000
3386901734 34000 30000 27000
1 -60000 -60000 -60000 2675000000 0 7
3686613981 33000 30000 26000
3216146110 33000 34000 30000
1113623717 26000 27000 30000
3260765081 33000 30000 34000
535142856 34000 30000 33000
759004098 30000 26000 27000
22757228 26000 33000 30000
1 -60000 -60000 -60000 2675000000 1 8
2441342085 29300 30700 31400
1731735452 27000 34000 30000
3606842343 33000 26000 30000
2788883693 34000 30000 33000
2076204574 30000 35000 30000
868150615 27000 26000 30000
601692783 30000 33000 26000
3439344065 30000 26000 33000
3920414260 30000 25000 30000
1 -60000 -60000 -60000 2675000000 1 8
3464884204 32100 29300 28600
778689757 27000 30000 34000
3159068343 33000 30000 26000
3528279919 30000 27000 34000
2071346121 30000 30000 35000
1383814861 30000 27000 26000
1409678995 33000 30000 34000
3860340461 27000 26000 30000
3156189093 30000 26000 33000
1 -60000 -60000 -60000 2675000000 0 8
136847264 30000 35000 30000
1580212853 30000 25000 30000
2214083428 30000 26000 33000
970092518 30000 27000 26000
1804382672 34000 30000 27000
3098608044 33000 34000 30000
1777805349 30000 34000 33000
1370247630 30000 34000 27000
1 -60000 -60000 -60000 2675000000 0 8
1429566191 30000 25000 30000
2968815913 30000 35000 30000
939029621 25000 30000 30000
521493960 27000 30000 34000
745381287 30000 33000 26000
4091424115 30000 27000 34000
3298826213 34000 27000 30000
3882455037 26000 33000 30000
1 -60000 -60000 -60000 2675000000 2 8
1173180942 30700 29300 30000
592634555 30000 28600 31400
3647951862 27000 30000 26000
1618181746 33000 30000 34000
1072798058 26000 30000 33000
889567734 27000 34000 30000
2014863013 27000 26000 30000
2808747145 35000 30000 30000
3901591595 30000 25000 30000
4115500277 34000 27000 30000
1 -60000 -60000 -60000 2675000000 0 8
204691085 30000 33000 34000
43049457 30000 27000 26000
4015915180 30000 27000 34000
2972750086 34000 30000 27000
3929832150 26000 30000 33000
768300463 30000 30000 25000
327494774 30000 34000 27000
619578795 34000 33000 30000
1 -60000 -60000 -60000 2675000000 0 8
403651195 30000 34000 27000
1810770954 30000 26000 33000
4165859835 30000 27000 34000
4192632011 30000 25000 30000
361711363 26000 30000 33000
1330951391 26000 33000 30000
1983408957 34000 30000 27000
2115021878 34000 30000 33000
1 -60000 -60000 -60000 2675000000 0 8
2518857267 33000 34000 30000
1675722916 27000 26000 30000
1516011902 30000 33000 34000
4014725992 30000 26000 27000
2583967194 25000 30000 30000
618882606 34000 30000 27000
4138016314 34000 30000 33000
3880790596 30000 34000 27000
1 -60000 -60000 -60000 2675000000 0 8
3931644791 34000 27000 30000
1028009648 26000 33000 30000
460733349 34000 30000 33000
1339306760 30000 27000 34000
2255963929 33000 34000 30000
1734589448 30000 30000 25000
1672935668 30000 35000 30000
4014916636 25000 30000 30000
1 -60000 -60000 -60000 2675000000 0 8
1746627901 26000 30000 27000
2269516202 34000 30000 33000
3165495024 33000 34000 30000
656353614 30000 26000 27000
1212523184 30000 33000 26000
3916616575 34000 27000 30000
376553642 27000 30000 34000
113193287 34000 30000 27000
1 -60000 -60000 -60000 2675000000 0 8
1846554598 30000 27000 34000
2163765388 33000 30000 26000
2874088648 30000 30000 25000
278199505 33000 26000 30000
1296451417 25000 30000 30000
401615414 26000 30000 27000
1345775975 27000 30000 26000
69126046 30000 35000 30000
1 -60000 -60000 -60000 2675000000 1 8
501161487 28600 28600 31400
2735008055 30000 34000 33000
1801442497 30000 30000 25000
1109769197 30000 33000 34000
2908599484 27000 34000 30000
2802358738 30000 26000 33000
4004701883 26000 33000 30000
1477167253 30000 35000 30000
285220685 27000 30000 26000
1 -60000 -60000 -60000 2675000000 2 8
1638219049 30000 27900 28600
3032709966 30000 27900 30700
2570379478 27000 26000 30000
869754416 30000 27000 34000
255531567 33000 30000 26000
3812367507 33000 26000 30000
725596124 35000 30000 30000
2105130529 30000 34000 33000
2182041727 26000 33000 30000
1071560191 30000 25000 30000
1 -60000 -60000 -60000 2675000000 3 8
3510479953 31400 29300 30000
441589983 29300 30700 30700
465063076 30700 27900 29300
1898609499 26000 27000 30000
1378454154 26000 30000 33000
76215417 30000 26000 27000
558071222 33000 26000 30000
4167719105 30000 35000 30000
1565555589 30000 30000 25000
2142214118 30000 27000 34000
3810756872 30000 34000 27000
1 -60000 -60000 -60000 2675000000 0 8
1485918003 30000 26000 27000
1039951235 33000 30000 26000
871026918 27000 30000 26000
433578752 33000 26000 30000
3744912282 30000 30000 35000
3211892801 30000 26000 33000
874637619 30000 35000 30000
3167261512 34000 33000 30000
1 -60000 -60000 -60000 2675000000 3 8
2980816506 31400 31400 28600
3000811641 30700 30000 30000
505697079 30700 28600 31400
412515090 34000 30000 33000
4022192647 30000 35000 30000
3764408806 34000 30000 27000
3392411529 33000 30000 26000
3207522944 30000 26000 33000
4106889080 30000 34000 33000
3836532009 26000 27000 30000
2080558826 30000 30000 25000
1 -60000 -60000 -60000 2675000000 2 8
4234189515 31400 27900 28600
1739772578 28600 32100 31400
3915895351 26000 33000 30000
1386498437 30000 26000 27000
2827090888 34000 30000 27000
333287861 30000 33000 34000
1335039115 25000 30000 30000
700842830 30000 30000 25000
3558328958 33000 26000 30000
2451866279 30000 26000 33000
1 -60000 -60000 -60000 2675000000 0 8
3350272939 27000 30000 34000
595584429 30000 27000 34000
3051745115 30000 33000 34000
767258573 34000 27000 30000
1303011963 30000 26000 33000
2943818051 33000 34000 30000
1410884609 26000 30000 27000
3702514486 35000 30000 30000
1 -60000 -60000 -60000 2675000000 0 8
3471895397 27000 30000 26000
2632919291 34000 27000 30000
3994338059 33000 30000 26000
2836222373 30000 34000 33000
293561444 27000 26000 30000
2535341837 27000 34000 30000
1067123411 25000 30000 30000
3493654958 30000 27000 34000
1 -60000 -60000 -60000 2675000000 0 8
2371578285 30000 26000 27000
3933589574 34000 27000 30000
2257469914 33000 26000 30000
2539206038 30000 25000 30000
566070708 33000 30000 34000
2092480785 34000 30000 33000
3686572595 34000 33000 30000
607504429 30000 27000 34000
3 -62 -60 -60 896 3 2
1971007424 11 9 10
1441112681 9 11 12
3902434732 10 11 8
1844551152 13 9 10
3982530712 13 11 10
3 -62 -60 -60 896 0 2
2355293884 13 9 10
3092324557 10 12 12
3 -62 -60 -60 896 1 2
1461408281 10 10 8
2267325197 10 8 12
113066444 10 8 8
3 -62 -60 -60 896 2 3
3907539900 11 10 9
1886610237 11 9 11
3180456145 10 8 8
848213300 10 12 8
2330995738 13 9 10
3 -62 -60 -60 896 2 3
4267868529 9 11 10
2783009631 10 11 11
2081579929 10 12 8
419109229 10 8 8
2945476729 10 12 12
3 -62 -60 -60 896 3 3
356964813 12 9 11
4098136981 8 9 10
2180930890 8 10 11
3836261519 10 12 12
1025599551 13 10 11
4120182554 10 8 12
3 -62 -60 -60 896 0 3
1836707250 10 8 12
917299559 10 12 8
140027435 10 8 8
3 -62 -60 -60 896 0 3
403973708 13 10 11
3508318925 10 8 8
3582540141 10 12 12
3 -62 -60 -60 896 3 3
2493666077 11 11 8
3575379309 12 9 8
952792206 11 8 11
2665433119 13 9 10
4015093145 10 8 12
2266458395 13 10 11
3 -62 -60 -60 896 3 3
4016035847 9 11 12
898020205 8 9 11
3501536485 9 10 10
354696516 13 10 9
4044159179 13 11 10
2531892587 13 10 11
3 -62 -60 -60 896 3 3
3048488723 9 12 11
2351466655 8 10 10
3026553514 12 10 10
2390081112 10 8 12
1258725326 10 12 8
3999555230 13 11 10
3 -62 -60 -60 896 0 3
439199783 13 10 11
1945007800 13 10 9
168771897 13 11 10
3 -62 -60 -60 896 0 3
2634144850 13 10 9
3582624292 10 8 8
1702279344 13 11 10
3 -62 -60 -60 896 0 4
1182640843 10 12 12
3928761719 13 11 10
3967707616 13 10 11
3634266092 10 8 8
3 -62 -60 -60 896 0 4
3590236415 13 10 11
2011028872 10 8 12
4068978560 10 12 12
2962442672 13 10 9
3 -62 -60 -60 896 0 4
1629017977 13 10 9
456100041 10 12 12
3506950137 13 10 11
1659612919 13 9 10
3 -62 -60 -60 896 0 4
397589133 10 8 8
4034659349 13 9 10
1717603562 10 12 12
1828007619 13 11 10
3 -62 -60 -60 896 3 4
3062780605 9 9 10
1018439037 11 10 11
603198036 9 11 11
1840559028 10 12 12
624096127 10 8 12
3546588590 13 9 10
3905965043 10 12 8
3 -62 -60 -60 896 0 4
2530312960 13 10 9
1750508050 10 8 12
986576659 10 8 8
918570288 10 12 12
3 -62 -60 -60 896 3 4
2921355887 10 8 10
1082949397 10 11 12
2913604977 10 8 9
1227898009 10 12 12
739508650 10 12 8
143866754 13 10 9
2516902881 13 11 10
3 -62 -60 -60 896 0 4
2329512999 13 10 9
2801936552 13 9 10
1630620974 10 12 12
107294298 13 11 10
3 -62 -60 -60 896 3 4
4129405445 11 12 10
219939314 12 10 12
1333579070 12 9 12
2610421469 13 11 10
4079429165 10 8 12
3625784664 10 12 12
2905956081 13 10 9
3 -62 -60 -60 896 2 4
2442810098 9 11 9
3706850060 11 8 11
3374291828 10 12 12
550888718 13 11 10
4276327660 10 8 12
1873663541 13 9 10
3 -62 -60 -60 896 3 5
990774292 11 10 10
2264732853 9 9 9
1677795658 9 8 10
21810517 13 10 11
2711301873 10 12 12
856614552 10 8 12
3098091102 13 11 10
237994057 13 9 10
3 -62 -60 -60 896 3 5
892859725 11 11 8
1759624305 9 10 12
336732087 9 10 9
2178676479 10 12 8
823674311 10 12 12
3610725134 13 10 9
1394589285 10 8 8
2834947071 10 8 12
3 -62 -60 -60 896 3 5
1923243295 12 9 10
2685406523 12 10 9
2272051732 12 10 10
235240294 10 8 12
3473678907 13 9 10
984732868 13 10 9
1739772063 13 10 11
671219694 13 11 10
3 -62 -60 -60 896 2 5
331331536 10 10 11
420177512 10 9 10
1699877537 13 10 11
3602064903 13 11 10
2363177288 10 8 8
207527684 13 9 10
2422248325 13 10 9
3 -62 -60 -60 896 3 5
348212808 12 11 11
4037211238 10 8 11
1540800224 12 9 9
4049825060 10 12 12
1013931877 13 9 10
329490969 10 12 8
2099735581 13 10 11
2480448499 13 11 10
3 -62 -60 -60 896 0 5
2138767213 13 10 11
4188821152 10 8 12
2926807334 13 10 9
3669469490 10 12 12
3924383936 13 11 10
3 -62 -60 -60 896 3 5
4178762785 11 10 11
1563327194 9 10 9
2279496625 9 10 8
1873256435 13 10 11
3056838102 13 10 9
659501258 13 9 10
613205349 10 12 8
984307406 10 12 12
3 -62 -60 -60 896 1 5
1355153106 12 10 11
1020942946 10 8 8
517248271 10 12 8
2943235318 13 11 10
2578811926 10 12 12
3326047554 13 10 11
3 -62 -60 -60 896 2 5
1653740030 9 10 9
3316790599 9 10 8
962636121 13 10 11
4189761766 10 8 12
159454853 13 11 10
3028231145 13 10 9
3025031330 10 12 12
3 -62 -60 -60 896 0 5
3307767561 10 12 12
2701254324 13 11 10
146540882 10 8 12
2313680230 10 12 8
248605445 10 8 8
3 -62 -60 -60 896 1 6
3754309021 12 10 8
3050468379 10 12 8
1293183757 13 10 11
4291161741 13 11 10
2342608605 10 8 8
3073333126 13 9 10
2790793931 10 12 12
3 -62 -60 -60 896 0 6
1828103056 10 8 12
2651884444 13 10 9
3060831817 10 12 12
1355649867 13 9 10
3963037040 13 11 10
1537910700 13 10 11
3 -62 -60 -60 896 0 6
2472604355 13 10 11
2738611042 10 12 8
509394274 10 8 8
3680683852 10 12 12
3948253959 13 10 9
2768703116 13 9 10
3 -62 -60 -60 896 1 6
1359257818 12 9 8
2812180366 13 10 11
2249823683 13 9 10
1427734020 13 11 10
3786575834 13 10 9
2765585145 10 12 8
1083109784 10 8 12
3 -62 -60 -60 896 0 6
1981105266 13 10 9
3729193292 13 9 10
2238166123 10 8 12
1060417762 10 12 8
2715264280 13 10 11
3527472151 13 11 10
3 -62 -60 -60 896 1 6
1144770320 11 8 10
696726220 13 10 9
3575434843 10 12 12
1728123877 10 12 8
273907709 13 11 10
1182737991 13 10 11
2690987542 10 8 12
3 -62 -60 -60 896 3 6
1008493814 10 9 8
512576727 9 11 11
3447121342 12 9 8
100370417 13 9 10
1131413387 13 10 9
1234612793 10 12 8
3979164027 13 10 11
2733288787 10 8 12
636127381 10 12 12
3 -62 -60 -60 896 2 6
29139229 9 11 12
3929590090 11 9 12
3058142239 13 10 11
3803343979 13 9 10
3035802652 13 11 10
199540654 10 12 12
2518800026 13 10 9
633843599 10 8 12
3 -62 -60 -60 896 2 6
834416686 8 9 11
3272295171 10 12 10
2082055259 10 12 8
4022751678 10 12 12
4161132482 13 10 11
1021271140 10 8 12
2805545150 13 11 10
1756672144 10 8 8
3 -62 -60 -60 896 1 6
4178250239 9 12 11
1826578675 10 12 8
2988803783 10 12 12
496130940 13 11 10
4020639285 10 8 12
2308468860 10 8 8
1412733860 13 10 9
3 -62 -60 -60 896 2 7
1295356602 10 8 10
57029370 12 10 8
1356059643 13 10 9
660624798 13 9 10
1329533934 13 10 11
3091187198 10 8 12
2757788793 13 11 10
3702708332 10 8 8
240591502 10 12 12
3 -62 -60 -60 896 3 7
1619573130 11 10 12
591291180 13 10 10
2423792332 9 10 9
368877805 10 8 12
2801391733 13 10 9
3786143930 13 11 10
1899261893 10 12 8
4157432879 10 8 8
942255547 13 9 10
2425785599 13 10 11
3 -62 -60 -60 896 0 7
278587063 10 12 12
2165607897 13 10 9
3642069283 13 9 10
1335760682 10 12 8
3498699097 10 8 8
2239171613 10 8 12
136388904 13 10 11
3 -62 -60 -60 896 1 7
1364084165 12 12 11
2444728589 10 8 8
2374579057 10 8 12
2170912428 13 11 10
3081242716 13 9 10
1290844679 13 10 9
2868632411 10 12 8
2621969084 13 10 11
3 -62 -60 -60 896 3 7
1593805347 10 9 10
1032719736 12 10 11
483224822 10 11 11
865852119 10 8 8
315623763 10 12 8
962664801 13 9 10
1886357051 13 10 11
1272526564 13 11 10
2365377977 13 10 9
3148973276 10 8 12
3 -62 -60 -60 896 2 7
2419979860 12 8 10
3105095123 9 11 10
632315662 13 11 10
1145890378 10 8 8
385374621 10 12 8
2366569976 13 10 9
1203991774 13 10 11
3898008105 10 12 12
1669954724 10 8 12
3 -62 -60 -60 896 3 7
4082485743 10 10 10
1656942815 11 11 9
1547886026 8 11 11
2648468866 13 9 10
1516082394 10 12 12
4054698912 13 10 11
3749418811 10 8 8
884041181 10 12 8
399262002 13 11 10
319181736 13 10 9
3 -62 -60 -60 896 3 7
1737940236 12 11 9
170092530 10 10 10
1594482692 9 10 12
2674095987 13 9 10
3692174176 13 10 9
1148133329 10 8 12
3531828738 13 11 10
3749227190 10 12 12
2427042191 13 10 11
3140674175 10 8 8
3 -62 -60 -60 896 0 7
2463098378 13 10 11
131360168 10 12 8
155948881 10 8 8
3247116361 10 8 12
539587799 13 11 10
3087846065 13 10 9
703534098 10 12 12
3 -62 -60 -60 896 0 7
3548698762 13 11 10
1874984368 13 9 10
2231452403 13 10 11
860893877 10 8 8
432150725 13 10 9
3189709819 10 12 12
2973564901 10 12 8
3 -62 -60 -60 896 1 8
3659869440 9 12 11
3275615318 10 12 12
243733261 13 9 10
2706913283 13 11 10
3648795074 10 12 8
3154235857 13 10 11
3410260264 10 8 8
3726884514 13 10 9
860751908 10 8 12
3 -62 -60 -60 896 0 8
1678582044 10 12 8
1067283000 10 8 12
32226090 10 12 12
2384059393 13 9 10
3492925687 13 10 9
357086108 13 11 10
3834496240 10 8 8
3585277218 13 10 11
3 -62 -60 -60 896 2 8
1880491846 10 11 8
472966801 9 9 11
3006651881 10 12 12
3546381361 10 12 8
3734432365 10 8 8
565773638 13 9 10
847451665 10 8 12
2627206174 13 10 9
3872913301 13 10 11
2218025651 13 11 10
3 -62 -60 -60 896 1 8
1012522923 11 9 9
1014643551 10 12 8
314201216 13 11 10
1770626975 13 10 9
234128764 10 12 12
3824400843 10 8 8
2783036827 10 8 12
1147197698 13 10 11
3145004178 13 9 10
3 -62 -60 -60 896 2 8
3660469997 13 10 10
815227805 11 10 12
3715746683 10 12 12
1091306721 10 12 8
3518753339 10 8 12
1218508333 13 10 11
3683505980 13 11 10
2830895574 10 8 8
232361243 13 9 10
208249764 13 10 9
3 -62 -60 -60 896 3 8
952730559 11 9 10
521847045 11 10 11
919588894 9 11 10
3071241146 13 9 10
1903510628 10 12 12
4122946 10 8 12
4121662379 13 11 10
304879387 10 8 8
2488590137 13 10 11
1097673826 10 12 8
2155322532 13 10 9
3 -62 -60 -60 896 1 8
1387527717 10 12 9
3937787674 13 10 9
4039943586 13 10 11
1402166649 10 12 8
2305229808 10 12 12
1479359303 10 8 8
530707593 13 11 10
311837820 13 9 10
2132743913 10 8 12
3 -62 -60 -60 896 2 8
4251450611 11 11 12
666235682 9 12 11
1978010653 10 8 8
952342359 10 8 12
3561259206 13 11 10
74521492 13 10 11
2362949225 13 10 9
114052984 10 12 12
4145016919 10 12 8
586256931 13 9 10
3 -62 -60 -60 896 2 8
1461450723 11 8 10
4274070667 13 10 10
627585214 10 12 12
2765380307 13 9 10
4178093457 13 11 10
1202787902 10 8 8
1804377478 10 12 8
477947486 13 10 11
1545736157 10 8 12
913169112 13 10 9
3 -62 -60 -60 896 0 8
1655358043 13 11 10
4067650615 10 12 8
3216516133 13 9 10
3617559358 10 8 12
3454542644 13 10 11
1139718502 10 12 12
3773773327 13 10 9
1051054801 10 8 8
1 -10 -10 -10 50 0 2
7 10 5 5
3 5 10 5
1 -10 -10 -10 50 0 4
7 10 5 5
3 5 10 5
9 8 9 5
1 9 8 5
