FULLLAZY1 40
0 5 1 0 5 30 0 0 0
0 25 20 20
17 17 24 20
41 17 16 20
63 120 20 20
107 130 20 20
2 0 3 20 0 0 1 0 17
2 0 3 20 0 0 1 0 41
2 0 3 9025 0 0 4 0 63
2 0 3 16 0 0 1 17 41
2 0 3 25 0 0 1 63 107
0 0 0 1 0
0 0 0 1 1
1 0 0 1 1
16 0 0 1 0
16 0 0 1 1
17 0 0 1 1
20 0 0 1 0
20 0 0 1 1
21 0 0 1 1
25 0 0 1 0
25 0 0 1 1
26 0 0 1 1
9025 0 0 4 0
9025 0 0 4 1
2257 0 0 1 1
10625 0 0 4 0
10625 0 0 4 1
2657 0 0 1 1
112890625 0 0 42436 0
112890625 0 0 42436 1
2661 0 0 1 1
11025 0 0 4 0
11025 0 0 4 1
2757 0 0 1 1
12785 0 0 4 0
12785 0 0 4 1
3197 0 0 1 1
163456225 0 0 51076 0
163456225 0 0 51076 1
163507301 0 0 51076 1
1 5 1 0 5 30 0 1 0
0 25 20 20
17 17 24 20
41 17 16 20
63 120 20 20
107 130 20 20
2 0 3 20 0 0 1 0 17
2 0 3 20 0 0 1 0 41
2 0 3 9025 0 0 4 0 63
2 0 3 16 0 0 1 17 41
2 0 3 25 0 0 1 63 107
0 0 0 1 0
0 0 0 1 1
1 0 0 1 1
16 0 0 1 0
16 0 0 1 1
17 0 0 1 1
20 0 0 1 0
20 0 0 1 1
21 0 0 1 1
25 0 0 1 0
25 0 0 1 1
26 0 0 1 1
9025 0 0 4 0
9025 0 0 4 1
2257 0 0 1 1
10625 0 0 4 0
10625 0 0 4 1
2657 0 0 1 1
112890625 0 0 42436 0
112890625 0 0 42436 1
2661 0 0 1 1
11025 0 0 4 0
11025 0 0 4 1
2757 0 0 1 1
12785 0 0 4 0
12785 0 0 4 1
3197 0 0 1 1
163456225 0 0 51076 0
163456225 0 0 51076 1
163507301 0 0 51076 1
2 5 1 0 5 30 0 1 1
0 25 20 20
17 17 24 20
41 17 16 20
63 120 20 20
107 130 20 20
2 0 3 20 0 0 1 0 17
2 0 3 20 0 0 1 0 41
2 0 3 9025 0 0 4 0 63
2 0 3 16 0 0 1 17 41
2 0 3 25 0 0 1 63 107
0 0 0 1 0
0 0 0 1 1
1 0 0 1 1
16 0 0 1 0
16 0 0 1 1
17 0 0 1 1
20 0 0 1 0
20 0 0 1 1
21 0 0 1 1
25 0 0 1 0
25 0 0 1 1
26 0 0 1 1
9025 0 0 4 0
9025 0 0 4 1
2257 0 0 1 1
10625 0 0 4 0
10625 0 0 4 1
2657 0 0 1 1
112890625 0 0 42436 0
112890625 0 0 42436 1
2661 0 0 1 1
11025 0 0 4 0
11025 0 0 4 1
2757 0 0 1 1
12785 0 0 4 0
12785 0 0 4 1
3197 0 0 1 1
163456225 0 0 51076 0
163456225 0 0 51076 1
163507301 0 0 51076 1
3 5 1 0 5 30 0 1 100000
0 25 20 20
17 17 24 20
41 17 16 20
63 120 20 20
107 130 20 20
2 0 3 20 0 0 1 0 17
2 0 3 20 0 0 1 0 41
2 0 3 9025 0 0 4 0 63
2 0 3 16 0 0 1 17 41
2 0 3 25 0 0 1 63 107
0 0 0 1 0
0 0 0 1 1
1 0 0 1 1
16 0 0 1 0
16 0 0 1 1
17 0 0 1 1
20 0 0 1 0
20 0 0 1 1
21 0 0 1 1
25 0 0 1 0
25 0 0 1 1
26 0 0 1 1
9025 0 0 4 0
9025 0 0 4 1
2257 0 0 1 1
10625 0 0 4 0
10625 0 0 4 1
2657 0 0 1 1
112890625 0 0 42436 0
112890625 0 0 42436 1
2661 0 0 1 1
11025 0 0 4 0
11025 0 0 4 1
2757 0 0 1 1
12785 0 0 4 0
12785 0 0 4 1
3197 0 0 1 1
163456225 0 0 51076 0
163456225 0 0 51076 1
163507301 0 0 51076 1
4 5 1 0 5 30 0 0 0
107 130 20 20
63 120 20 20
41 17 16 20
17 17 24 20
0 25 20 20
2 0 3 375 0 0 15 63 107
2 0 3 224 0 0 14 17 41
2 0 3 117325 0 0 52 0 63
2 0 3 240 0 0 12 0 41
2 0 3 220 0 0 11 0 17
0 0 0 1 0
0 0 0 1 1
1 0 0 1 1
16 0 0 1 0
16 0 0 1 1
17 0 0 1 1
20 0 0 1 0
20 0 0 1 1
21 0 0 1 1
25 0 0 1 0
25 0 0 1 1
26 0 0 1 1
9025 0 0 4 0
9025 0 0 4 1
2257 0 0 1 1
10625 0 0 4 0
10625 0 0 4 1
2657 0 0 1 1
112890625 0 0 42436 0
112890625 0 0 42436 1
2661 0 0 1 1
11025 0 0 4 0
11025 0 0 4 1
2757 0 0 1 1
12785 0 0 4 0
12785 0 0 4 1
3197 0 0 1 1
163456225 0 0 51076 0
163456225 0 0 51076 1
163507301 0 0 51076 1
5 5 1 0 5 30 0 1 0
107 130 20 20
63 120 20 20
41 17 16 20
17 17 24 20
0 25 20 20
2 0 3 375 0 0 15 63 107
2 0 3 224 0 0 14 17 41
2 0 3 117325 0 0 52 0 63
2 0 3 240 0 0 12 0 41
2 0 3 220 0 0 11 0 17
0 0 0 1 0
0 0 0 1 1
1 0 0 1 1
16 0 0 1 0
16 0 0 1 1
17 0 0 1 1
20 0 0 1 0
20 0 0 1 1
21 0 0 1 1
25 0 0 1 0
25 0 0 1 1
26 0 0 1 1
9025 0 0 4 0
9025 0 0 4 1
2257 0 0 1 1
10625 0 0 4 0
10625 0 0 4 1
2657 0 0 1 1
112890625 0 0 42436 0
112890625 0 0 42436 1
2661 0 0 1 1
11025 0 0 4 0
11025 0 0 4 1
2757 0 0 1 1
12785 0 0 4 0
12785 0 0 4 1
3197 0 0 1 1
163456225 0 0 51076 0
163456225 0 0 51076 1
163507301 0 0 51076 1
6 5 1 0 5 30 0 1 1
107 130 20 20
63 120 20 20
41 17 16 20
17 17 24 20
0 25 20 20
2 0 3 375 0 0 15 63 107
2 0 3 224 0 0 14 17 41
2 0 3 117325 0 0 52 0 63
2 0 3 240 0 0 12 0 41
2 0 3 220 0 0 11 0 17
0 0 0 1 0
0 0 0 1 1
1 0 0 1 1
16 0 0 1 0
16 0 0 1 1
17 0 0 1 1
20 0 0 1 0
20 0 0 1 1
21 0 0 1 1
25 0 0 1 0
25 0 0 1 1
26 0 0 1 1
9025 0 0 4 0
9025 0 0 4 1
2257 0 0 1 1
10625 0 0 4 0
10625 0 0 4 1
2657 0 0 1 1
112890625 0 0 42436 0
112890625 0 0 42436 1
2661 0 0 1 1
11025 0 0 4 0
11025 0 0 4 1
2757 0 0 1 1
12785 0 0 4 0
12785 0 0 4 1
3197 0 0 1 1
163456225 0 0 51076 0
163456225 0 0 51076 1
163507301 0 0 51076 1
7 5 1 0 5 30 0 1 100000
107 130 20 20
63 120 20 20
41 17 16 20
17 17 24 20
0 25 20 20
2 0 3 375 0 0 15 63 107
2 0 3 224 0 0 14 17 41
2 0 3 117325 0 0 52 0 63
2 0 3 240 0 0 12 0 41
2 0 3 220 0 0 11 0 17
0 0 0 1 0
0 0 0 1 1
1 0 0 1 1
16 0 0 1 0
16 0 0 1 1
17 0 0 1 1
20 0 0 1 0
20 0 0 1 1
21 0 0 1 1
25 0 0 1 0
25 0 0 1 1
26 0 0 1 1
9025 0 0 4 0
9025 0 0 4 1
2257 0 0 1 1
10625 0 0 4 0
10625 0 0 4 1
2657 0 0 1 1
112890625 0 0 42436 0
112890625 0 0 42436 1
2661 0 0 1 1
11025 0 0 4 0
11025 0 0 4 1
2757 0 0 1 1
12785 0 0 4 0
12785 0 0 4 1
3197 0 0 1 1
163456225 0 0 51076 0
163456225 0 0 51076 1
163507301 0 0 51076 1
8 5 2 5 4 30 0 0 0
0 25 20 20
17 17 24 20
41 17 16 20
63 120 20 20
107 130 20 20
2 0 3 20 0 0 1 0 17
2 0 3 20 0 0 1 0 41
2 0 3 9025 0 0 4 0 63
2 0 3 16 0 0 1 17 41
2 0 3 25 0 0 1 63 107
3 0 7 25 0 0 1 0 17 41
2 1 3 10625 0 0 4 17 63 0
2 1 3 10625 0 0 4 41 63 0
2 1 3 11025 0 0 4 0 107 63
0 0 0 1 0
0 0 0 1 1
1 0 0 1 1
16 0 0 1 0
16 0 0 1 1
17 0 0 1 1
20 0 0 1 0
20 0 0 1 1
21 0 0 1 1
25 0 0 1 0
25 0 0 1 1
26 0 0 1 1
9025 0 0 4 0
9025 0 0 4 1
2257 0 0 1 1
10625 0 0 4 0
10625 0 0 4 1
2657 0 0 1 1
112890625 0 0 42436 0
112890625 0 0 42436 1
2661 0 0 1 1
11025 0 0 4 0
11025 0 0 4 1
2757 0 0 1 1
12785 0 0 4 0
12785 0 0 4 1
3197 0 0 1 1
163456225 0 0 51076 0
163456225 0 0 51076 1
163507301 0 0 51076 1
9 5 2 5 4 30 0 1 0
0 25 20 20
17 17 24 20
41 17 16 20
63 120 20 20
107 130 20 20
2 0 3 20 0 0 1 0 17
2 0 3 20 0 0 1 0 41
2 0 3 9025 0 0 4 0 63
2 0 3 16 0 0 1 17 41
2 0 3 25 0 0 1 63 107
3 0 7 25 0 0 1 0 17 41
2 1 3 10625 0 0 4 17 63 0
2 1 3 10625 0 0 4 41 63 0
2 1 3 11025 0 0 4 0 107 63
0 0 0 1 0
0 0 0 1 1
1 0 0 1 1
16 0 0 1 0
16 0 0 1 1
17 0 0 1 1
20 0 0 1 0
20 0 0 1 1
21 0 0 1 1
25 0 0 1 0
25 0 0 1 1
26 0 0 1 1
9025 0 0 4 0
9025 0 0 4 1
2257 0 0 1 1
10625 0 0 4 0
10625 0 0 4 1
2657 0 0 1 1
112890625 0 0 42436 0
112890625 0 0 42436 1
2661 0 0 1 1
11025 0 0 4 0
11025 0 0 4 1
2757 0 0 1 1
12785 0 0 4 0
12785 0 0 4 1
3197 0 0 1 1
163456225 0 0 51076 0
163456225 0 0 51076 1
163507301 0 0 51076 1
10 5 2 5 4 30 0 1 1
0 25 20 20
17 17 24 20
41 17 16 20
63 120 20 20
107 130 20 20
2 0 3 20 0 0 1 0 17
2 0 3 20 0 0 1 0 41
2 0 3 9025 0 0 4 0 63
2 0 3 16 0 0 1 17 41
2 0 3 25 0 0 1 63 107
3 0 7 25 0 0 1 0 17 41
2 1 3 10625 0 0 4 17 63 0
2 1 3 10625 0 0 4 41 63 0
2 1 3 11025 0 0 4 0 107 63
0 0 0 1 0
0 0 0 1 1
1 0 0 1 1
16 0 0 1 0
16 0 0 1 1
17 0 0 1 1
20 0 0 1 0
20 0 0 1 1
21 0 0 1 1
25 0 0 1 0
25 0 0 1 1
26 0 0 1 1
9025 0 0 4 0
9025 0 0 4 1
2257 0 0 1 1
10625 0 0 4 0
10625 0 0 4 1
2657 0 0 1 1
112890625 0 0 42436 0
112890625 0 0 42436 1
2661 0 0 1 1
11025 0 0 4 0
11025 0 0 4 1
2757 0 0 1 1
12785 0 0 4 0
12785 0 0 4 1
3197 0 0 1 1
163456225 0 0 51076 0
163456225 0 0 51076 1
163507301 0 0 51076 1
11 5 2 5 4 30 0 1 100000
0 25 20 20
17 17 24 20
41 17 16 20
63 120 20 20
107 130 20 20
2 0 3 20 0 0 1 0 17
2 0 3 20 0 0 1 0 41
2 0 3 9025 0 0 4 0 63
2 0 3 16 0 0 1 17 41
2 0 3 25 0 0 1 63 107
3 0 7 25 0 0 1 0 17 41
2 1 3 10625 0 0 4 17 63 0
2 1 3 10625 0 0 4 41 63 0
2 1 3 11025 0 0 4 0 107 63
0 0 0 1 0
0 0 0 1 1
1 0 0 1 1
16 0 0 1 0
16 0 0 1 1
17 0 0 1 1
20 0 0 1 0
20 0 0 1 1
21 0 0 1 1
25 0 0 1 0
25 0 0 1 1
26 0 0 1 1
9025 0 0 4 0
9025 0 0 4 1
2257 0 0 1 1
10625 0 0 4 0
10625 0 0 4 1
2657 0 0 1 1
112890625 0 0 42436 0
112890625 0 0 42436 1
2661 0 0 1 1
11025 0 0 4 0
11025 0 0 4 1
2757 0 0 1 1
12785 0 0 4 0
12785 0 0 4 1
3197 0 0 1 1
163456225 0 0 51076 0
163456225 0 0 51076 1
163507301 0 0 51076 1
12 5 2 5 4 30 0 0 0
107 130 20 20
63 120 20 20
41 17 16 20
17 17 24 20
0 25 20 20
2 0 3 375 0 0 15 63 107
2 0 3 224 0 0 14 17 41
2 0 3 117325 0 0 52 0 63
2 0 3 240 0 0 12 0 41
2 0 3 220 0 0 11 0 17
2 1 3 154350 0 0 56 0 107 63
2 1 3 138125 0 0 52 41 63 0
2 1 3 127500 0 0 48 17 63 0
3 0 7 275 0 0 11 0 17 41
0 0 0 1 0
0 0 0 1 1
1 0 0 1 1
16 0 0 1 0
16 0 0 1 1
17 0 0 1 1
20 0 0 1 0
20 0 0 1 1
21 0 0 1 1
25 0 0 1 0
25 0 0 1 1
26 0 0 1 1
9025 0 0 4 0
9025 0 0 4 1
2257 0 0 1 1
10625 0 0 4 0
10625 0 0 4 1
2657 0 0 1 1
112890625 0 0 42436 0
112890625 0 0 42436 1
2661 0 0 1 1
11025 0 0 4 0
11025 0 0 4 1
2757 0 0 1 1
12785 0 0 4 0
12785 0 0 4 1
3197 0 0 1 1
163456225 0 0 51076 0
163456225 0 0 51076 1
163507301 0 0 51076 1
13 5 2 5 4 30 0 1 0
107 130 20 20
63 120 20 20
41 17 16 20
17 17 24 20
0 25 20 20
2 0 3 375 0 0 15 63 107
2 0 3 224 0 0 14 17 41
2 0 3 117325 0 0 52 0 63
2 0 3 240 0 0 12 0 41
2 0 3 220 0 0 11 0 17
2 1 3 154350 0 0 56 0 107 63
2 1 3 138125 0 0 52 41 63 0
2 1 3 127500 0 0 48 17 63 0
3 0 7 275 0 0 11 0 17 41
0 0 0 1 0
0 0 0 1 1
1 0 0 1 1
16 0 0 1 0
16 0 0 1 1
17 0 0 1 1
20 0 0 1 0
20 0 0 1 1
21 0 0 1 1
25 0 0 1 0
25 0 0 1 1
26 0 0 1 1
9025 0 0 4 0
9025 0 0 4 1
2257 0 0 1 1
10625 0 0 4 0
10625 0 0 4 1
2657 0 0 1 1
112890625 0 0 42436 0
112890625 0 0 42436 1
2661 0 0 1 1
11025 0 0 4 0
11025 0 0 4 1
2757 0 0 1 1
12785 0 0 4 0
12785 0 0 4 1
3197 0 0 1 1
163456225 0 0 51076 0
163456225 0 0 51076 1
163507301 0 0 51076 1
14 5 2 5 4 30 0 1 1
107 130 20 20
63 120 20 20
41 17 16 20
17 17 24 20
0 25 20 20
2 0 3 375 0 0 15 63 107
2 0 3 224 0 0 14 17 41
2 0 3 117325 0 0 52 0 63
2 0 3 240 0 0 12 0 41
2 0 3 220 0 0 11 0 17
2 1 3 154350 0 0 56 0 107 63
2 1 3 138125 0 0 52 41 63 0
2 1 3 127500 0 0 48 17 63 0
3 0 7 275 0 0 11 0 17 41
0 0 0 1 0
0 0 0 1 1
1 0 0 1 1
16 0 0 1 0
16 0 0 1 1
17 0 0 1 1
20 0 0 1 0
20 0 0 1 1
21 0 0 1 1
25 0 0 1 0
25 0 0 1 1
26 0 0 1 1
9025 0 0 4 0
9025 0 0 4 1
2257 0 0 1 1
10625 0 0 4 0
10625 0 0 4 1
2657 0 0 1 1
112890625 0 0 42436 0
112890625 0 0 42436 1
2661 0 0 1 1
11025 0 0 4 0
11025 0 0 4 1
2757 0 0 1 1
12785 0 0 4 0
12785 0 0 4 1
3197 0 0 1 1
163456225 0 0 51076 0
163456225 0 0 51076 1
163507301 0 0 51076 1
15 5 2 5 4 30 0 1 100000
107 130 20 20
63 120 20 20
41 17 16 20
17 17 24 20
0 25 20 20
2 0 3 375 0 0 15 63 107
2 0 3 224 0 0 14 17 41
2 0 3 117325 0 0 52 0 63
2 0 3 240 0 0 12 0 41
2 0 3 220 0 0 11 0 17
2 1 3 154350 0 0 56 0 107 63
2 1 3 138125 0 0 52 41 63 0
2 1 3 127500 0 0 48 17 63 0
3 0 7 275 0 0 11 0 17 41
0 0 0 1 0
0 0 0 1 1
1 0 0 1 1
16 0 0 1 0
16 0 0 1 1
17 0 0 1 1
20 0 0 1 0
20 0 0 1 1
21 0 0 1 1
25 0 0 1 0
25 0 0 1 1
26 0 0 1 1
9025 0 0 4 0
9025 0 0 4 1
2257 0 0 1 1
10625 0 0 4 0
10625 0 0 4 1
2657 0 0 1 1
112890625 0 0 42436 0
112890625 0 0 42436 1
2661 0 0 1 1
11025 0 0 4 0
11025 0 0 4 1
2757 0 0 1 1
12785 0 0 4 0
12785 0 0 4 1
3197 0 0 1 1
163456225 0 0 51076 0
163456225 0 0 51076 1
163507301 0 0 51076 1
16 5 3 4 3 30 0 0 0
0 25 20 20
17 17 24 20
41 17 16 20
63 120 20 20
107 130 20 20
3 0 7 25 0 0 1 0 17 41
2 1 3 10625 0 0 4 17 63 0
2 1 3 10625 0 0 4 41 63 0
2 1 3 11025 0 0 4 0 107 63
3 1 7 112890625 0 0 42436 17 41 63 0
2 2 3 12785 0 0 4 17 107 0 63
2 2 3 12785 0 0 4 41 107 0 63
0 0 0 1 0
0 0 0 1 1
1 0 0 1 1
16 0 0 1 0
16 0 0 1 1
17 0 0 1 1
20 0 0 1 0
20 0 0 1 1
21 0 0 1 1
25 0 0 1 0
25 0 0 1 1
26 0 0 1 1
9025 0 0 4 0
9025 0 0 4 1
2257 0 0 1 1
10625 0 0 4 0
10625 0 0 4 1
2657 0 0 1 1
112890625 0 0 42436 0
112890625 0 0 42436 1
2661 0 0 1 1
11025 0 0 4 0
11025 0 0 4 1
2757 0 0 1 1
12785 0 0 4 0
12785 0 0 4 1
3197 0 0 1 1
163456225 0 0 51076 0
163456225 0 0 51076 1
163507301 0 0 51076 1
17 5 3 4 3 30 0 1 0
0 25 20 20
17 17 24 20
41 17 16 20
63 120 20 20
107 130 20 20
3 0 7 25 0 0 1 0 17 41
2 1 3 10625 0 0 4 17 63 0
2 1 3 10625 0 0 4 41 63 0
2 1 3 11025 0 0 4 0 107 63
3 1 7 112890625 0 0 42436 17 41 63 0
2 2 3 12785 0 0 4 17 107 0 63
2 2 3 12785 0 0 4 41 107 0 63
0 0 0 1 0
0 0 0 1 1
1 0 0 1 1
16 0 0 1 0
16 0 0 1 1
17 0 0 1 1
20 0 0 1 0
20 0 0 1 1
21 0 0 1 1
25 0 0 1 0
25 0 0 1 1
26 0 0 1 1
9025 0 0 4 0
9025 0 0 4 1
2257 0 0 1 1
10625 0 0 4 0
10625 0 0 4 1
2657 0 0 1 1
112890625 0 0 42436 0
112890625 0 0 42436 1
2661 0 0 1 1
11025 0 0 4 0
11025 0 0 4 1
2757 0 0 1 1
12785 0 0 4 0
12785 0 0 4 1
3197 0 0 1 1
163456225 0 0 51076 0
163456225 0 0 51076 1
163507301 0 0 51076 1
18 5 3 4 3 30 0 1 1
0 25 20 20
17 17 24 20
41 17 16 20
63 120 20 20
107 130 20 20
3 0 7 25 0 0 1 0 17 41
2 1 3 10625 0 0 4 17 63 0
2 1 3 10625 0 0 4 41 63 0
2 1 3 11025 0 0 4 0 107 63
3 1 7 112890625 0 0 42436 17 41 63 0
2 2 3 12785 0 0 4 17 107 0 63
2 2 3 12785 0 0 4 41 107 0 63
0 0 0 1 0
0 0 0 1 1
1 0 0 1 1
16 0 0 1 0
16 0 0 1 1
17 0 0 1 1
20 0 0 1 0
20 0 0 1 1
21 0 0 1 1
25 0 0 1 0
25 0 0 1 1
26 0 0 1 1
9025 0 0 4 0
9025 0 0 4 1
2257 0 0 1 1
10625 0 0 4 0
10625 0 0 4 1
2657 0 0 1 1
112890625 0 0 42436 0
112890625 0 0 42436 1
2661 0 0 1 1
11025 0 0 4 0
11025 0 0 4 1
2757 0 0 1 1
12785 0 0 4 0
12785 0 0 4 1
3197 0 0 1 1
163456225 0 0 51076 0
163456225 0 0 51076 1
163507301 0 0 51076 1
19 5 3 4 3 30 0 1 100000
0 25 20 20
17 17 24 20
41 17 16 20
63 120 20 20
107 130 20 20
3 0 7 25 0 0 1 0 17 41
2 1 3 10625 0 0 4 17 63 0
2 1 3 10625 0 0 4 41 63 0
2 1 3 11025 0 0 4 0 107 63
3 1 7 112890625 0 0 42436 17 41 63 0
2 2 3 12785 0 0 4 17 107 0 63
2 2 3 12785 0 0 4 41 107 0 63
0 0 0 1 0
0 0 0 1 1
1 0 0 1 1
16 0 0 1 0
16 0 0 1 1
17 0 0 1 1
20 0 0 1 0
20 0 0 1 1
21 0 0 1 1
25 0 0 1 0
25 0 0 1 1
26 0 0 1 1
9025 0 0 4 0
9025 0 0 4 1
2257 0 0 1 1
10625 0 0 4 0
10625 0 0 4 1
2657 0 0 1 1
112890625 0 0 42436 0
112890625 0 0 42436 1
2661 0 0 1 1
11025 0 0 4 0
11025 0 0 4 1
2757 0 0 1 1
12785 0 0 4 0
12785 0 0 4 1
3197 0 0 1 1
163456225 0 0 51076 0
163456225 0 0 51076 1
163507301 0 0 51076 1
20 5 3 4 3 30 0 0 0
107 130 20 20
63 120 20 20
41 17 16 20
17 17 24 20
0 25 20 20
2 1 3 154350 0 0 56 0 107 63
2 1 3 138125 0 0 52 41 63 0
2 1 3 127500 0 0 48 17 63 0
3 0 7 275 0 0 11 0 17 41
2 2 3 166205 0 0 52 41 107 0 63
2 2 3 153420 0 0 48 17 107 0 63
3 1 7 1241796875 0 0 466796 17 41 63 0
0 0 0 1 0
0 0 0 1 1
1 0 0 1 1
16 0 0 1 0
16 0 0 1 1
17 0 0 1 1
20 0 0 1 0
20 0 0 1 1
21 0 0 1 1
25 0 0 1 0
25 0 0 1 1
26 0 0 1 1
9025 0 0 4 0
9025 0 0 4 1
2257 0 0 1 1
10625 0 0 4 0
10625 0 0 4 1
2657 0 0 1 1
112890625 0 0 42436 0
112890625 0 0 42436 1
2661 0 0 1 1
11025 0 0 4 0
11025 0 0 4 1
2757 0 0 1 1
12785 0 0 4 0
12785 0 0 4 1
3197 0 0 1 1
163456225 0 0 51076 0
163456225 0 0 51076 1
163507301 0 0 51076 1
21 5 3 4 3 30 0 1 0
107 130 20 20
63 120 20 20
41 17 16 20
17 17 24 20
0 25 20 20
2 1 3 154350 0 0 56 0 107 63
2 1 3 138125 0 0 52 41 63 0
2 1 3 127500 0 0 48 17 63 0
3 0 7 275 0 0 11 0 17 41
2 2 3 166205 0 0 52 41 107 0 63
2 2 3 153420 0 0 48 17 107 0 63
3 1 7 1241796875 0 0 466796 17 41 63 0
0 0 0 1 0
0 0 0 1 1
1 0 0 1 1
16 0 0 1 0
16 0 0 1 1
17 0 0 1 1
20 0 0 1 0
20 0 0 1 1
21 0 0 1 1
25 0 0 1 0
25 0 0 1 1
26 0 0 1 1
9025 0 0 4 0
9025 0 0 4 1
2257 0 0 1 1
10625 0 0 4 0
10625 0 0 4 1
2657 0 0 1 1
112890625 0 0 42436 0
112890625 0 0 42436 1
2661 0 0 1 1
11025 0 0 4 0
11025 0 0 4 1
2757 0 0 1 1
12785 0 0 4 0
12785 0 0 4 1
3197 0 0 1 1
163456225 0 0 51076 0
163456225 0 0 51076 1
163507301 0 0 51076 1
22 5 3 4 3 30 0 1 1
107 130 20 20
63 120 20 20
41 17 16 20
17 17 24 20
0 25 20 20
2 1 3 154350 0 0 56 0 107 63
2 1 3 138125 0 0 52 41 63 0
2 1 3 127500 0 0 48 17 63 0
3 0 7 275 0 0 11 0 17 41
2 2 3 166205 0 0 52 41 107 0 63
2 2 3 153420 0 0 48 17 107 0 63
3 1 7 1241796875 0 0 466796 17 41 63 0
0 0 0 1 0
0 0 0 1 1
1 0 0 1 1
16 0 0 1 0
16 0 0 1 1
17 0 0 1 1
20 0 0 1 0
20 0 0 1 1
21 0 0 1 1
25 0 0 1 0
25 0 0 1 1
26 0 0 1 1
9025 0 0 4 0
9025 0 0 4 1
2257 0 0 1 1
10625 0 0 4 0
10625 0 0 4 1
2657 0 0 1 1
112890625 0 0 42436 0
112890625 0 0 42436 1
2661 0 0 1 1
11025 0 0 4 0
11025 0 0 4 1
2757 0 0 1 1
12785 0 0 4 0
12785 0 0 4 1
3197 0 0 1 1
163456225 0 0 51076 0
163456225 0 0 51076 1
163507301 0 0 51076 1
23 5 3 4 3 30 0 1 100000
107 130 20 20
63 120 20 20
41 17 16 20
17 17 24 20
0 25 20 20
2 1 3 154350 0 0 56 0 107 63
2 1 3 138125 0 0 52 41 63 0
2 1 3 127500 0 0 48 17 63 0
3 0 7 275 0 0 11 0 17 41
2 2 3 166205 0 0 52 41 107 0 63
2 2 3 153420 0 0 48 17 107 0 63
3 1 7 1241796875 0 0 466796 17 41 63 0
0 0 0 1 0
0 0 0 1 1
1 0 0 1 1
16 0 0 1 0
16 0 0 1 1
17 0 0 1 1
20 0 0 1 0
20 0 0 1 1
21 0 0 1 1
25 0 0 1 0
25 0 0 1 1
26 0 0 1 1
9025 0 0 4 0
9025 0 0 4 1
2257 0 0 1 1
10625 0 0 4 0
10625 0 0 4 1
2657 0 0 1 1
112890625 0 0 42436 0
112890625 0 0 42436 1
2661 0 0 1 1
11025 0 0 4 0
11025 0 0 4 1
2757 0 0 1 1
12785 0 0 4 0
12785 0 0 4 1
3197 0 0 1 1
163456225 0 0 51076 0
163456225 0 0 51076 1
163507301 0 0 51076 1
24 5 4 3 1 30 0 0 0
0 25 20 20
17 17 24 20
41 17 16 20
63 120 20 20
107 130 20 20
3 1 7 112890625 0 0 42436 17 41 63 0
2 2 3 12785 0 0 4 17 107 0 63
2 2 3 12785 0 0 4 41 107 0 63
3 2 7 163456225 0 0 51076 17 41 107 0 63
0 0 0 1 0
0 0 0 1 1
1 0 0 1 1
16 0 0 1 0
16 0 0 1 1
17 0 0 1 1
20 0 0 1 0
20 0 0 1 1
21 0 0 1 1
25 0 0 1 0
25 0 0 1 1
26 0 0 1 1
9025 0 0 4 0
9025 0 0 4 1
2257 0 0 1 1
10625 0 0 4 0
10625 0 0 4 1
2657 0 0 1 1
112890625 0 0 42436 0
112890625 0 0 42436 1
2661 0 0 1 1
11025 0 0 4 0
11025 0 0 4 1
2757 0 0 1 1
12785 0 0 4 0
12785 0 0 4 1
3197 0 0 1 1
163456225 0 0 51076 0
163456225 0 0 51076 1
163507301 0 0 51076 1
25 5 4 3 1 30 0 1 0
0 25 20 20
17 17 24 20
41 17 16 20
63 120 20 20
107 130 20 20
3 1 7 112890625 0 0 42436 17 41 63 0
2 2 3 12785 0 0 4 17 107 0 63
2 2 3 12785 0 0 4 41 107 0 63
3 2 7 163456225 0 0 51076 17 41 107 0 63
0 0 0 1 0
0 0 0 1 1
1 0 0 1 1
16 0 0 1 0
16 0 0 1 1
17 0 0 1 1
20 0 0 1 0
20 0 0 1 1
21 0 0 1 1
25 0 0 1 0
25 0 0 1 1
26 0 0 1 1
9025 0 0 4 0
9025 0 0 4 1
2257 0 0 1 1
10625 0 0 4 0
10625 0 0 4 1
2657 0 0 1 1
112890625 0 0 42436 0
112890625 0 0 42436 1
2661 0 0 1 1
11025 0 0 4 0
11025 0 0 4 1
2757 0 0 1 1
12785 0 0 4 0
12785 0 0 4 1
3197 0 0 1 1
163456225 0 0 51076 0
163456225 0 0 51076 1
163507301 0 0 51076 1
26 5 4 3 1 30 0 1 1
0 25 20 20
17 17 24 20
41 17 16 20
63 120 20 20
107 130 20 20
3 1 7 112890625 0 0 42436 17 41 63 0
2 2 3 12785 0 0 4 17 107 0 63
2 2 3 12785 0 0 4 41 107 0 63
3 2 7 163456225 0 0 51076 17 41 107 0 63
0 0 0 1 0
0 0 0 1 1
1 0 0 1 1
16 0 0 1 0
16 0 0 1 1
17 0 0 1 1
20 0 0 1 0
20 0 0 1 1
21 0 0 1 1
25 0 0 1 0
25 0 0 1 1
26 0 0 1 1
9025 0 0 4 0
9025 0 0 4 1
2257 0 0 1 1
10625 0 0 4 0
10625 0 0 4 1
2657 0 0 1 1
112890625 0 0 42436 0
112890625 0 0 42436 1
2661 0 0 1 1
11025 0 0 4 0
11025 0 0 4 1
2757 0 0 1 1
12785 0 0 4 0
12785 0 0 4 1
3197 0 0 1 1
163456225 0 0 51076 0
163456225 0 0 51076 1
163507301 0 0 51076 1
27 5 4 3 1 30 0 1 100000
0 25 20 20
17 17 24 20
41 17 16 20
63 120 20 20
107 130 20 20
3 1 7 112890625 0 0 42436 17 41 63 0
2 2 3 12785 0 0 4 17 107 0 63
2 2 3 12785 0 0 4 41 107 0 63
3 2 7 163456225 0 0 51076 17 41 107 0 63
0 0 0 1 0
0 0 0 1 1
1 0 0 1 1
16 0 0 1 0
16 0 0 1 1
17 0 0 1 1
20 0 0 1 0
20 0 0 1 1
21 0 0 1 1
25 0 0 1 0
25 0 0 1 1
26 0 0 1 1
9025 0 0 4 0
9025 0 0 4 1
2257 0 0 1 1
10625 0 0 4 0
10625 0 0 4 1
2657 0 0 1 1
112890625 0 0 42436 0
112890625 0 0 42436 1
2661 0 0 1 1
11025 0 0 4 0
11025 0 0 4 1
2757 0 0 1 1
12785 0 0 4 0
12785 0 0 4 1
3197 0 0 1 1
163456225 0 0 51076 0
163456225 0 0 51076 1
163507301 0 0 51076 1
28 5 4 3 1 30 0 0 0
107 130 20 20
63 120 20 20
41 17 16 20
17 17 24 20
0 25 20 20
2 2 3 166205 0 0 52 41 107 0 63
2 2 3 153420 0 0 48 17 107 0 63
3 1 7 1241796875 0 0 466796 17 41 63 0
3 2 7 1798018475 0 0 561836 17 41 107 0 63
0 0 0 1 0
0 0 0 1 1
1 0 0 1 1
16 0 0 1 0
16 0 0 1 1
17 0 0 1 1
20 0 0 1 0
20 0 0 1 1
21 0 0 1 1
25 0 0 1 0
25 0 0 1 1
26 0 0 1 1
9025 0 0 4 0
9025 0 0 4 1
2257 0 0 1 1
10625 0 0 4 0
10625 0 0 4 1
2657 0 0 1 1
112890625 0 0 42436 0
112890625 0 0 42436 1
2661 0 0 1 1
11025 0 0 4 0
11025 0 0 4 1
2757 0 0 1 1
12785 0 0 4 0
12785 0 0 4 1
3197 0 0 1 1
163456225 0 0 51076 0
163456225 0 0 51076 1
163507301 0 0 51076 1
29 5 4 3 1 30 0 1 0
107 130 20 20
63 120 20 20
41 17 16 20
17 17 24 20
0 25 20 20
2 2 3 166205 0 0 52 41 107 0 63
2 2 3 153420 0 0 48 17 107 0 63
3 1 7 1241796875 0 0 466796 17 41 63 0
3 2 7 1798018475 0 0 561836 17 41 107 0 63
0 0 0 1 0
0 0 0 1 1
1 0 0 1 1
16 0 0 1 0
16 0 0 1 1
17 0 0 1 1
20 0 0 1 0
20 0 0 1 1
21 0 0 1 1
25 0 0 1 0
25 0 0 1 1
26 0 0 1 1
9025 0 0 4 0
9025 0 0 4 1
2257 0 0 1 1
10625 0 0 4 0
10625 0 0 4 1
2657 0 0 1 1
112890625 0 0 42436 0
112890625 0 0 42436 1
2661 0 0 1 1
11025 0 0 4 0
11025 0 0 4 1
2757 0 0 1 1
12785 0 0 4 0
12785 0 0 4 1
3197 0 0 1 1
163456225 0 0 51076 0
163456225 0 0 51076 1
163507301 0 0 51076 1
30 5 4 3 1 30 0 1 1
107 130 20 20
63 120 20 20
41 17 16 20
17 17 24 20
0 25 20 20
2 2 3 166205 0 0 52 41 107 0 63
2 2 3 153420 0 0 48 17 107 0 63
3 1 7 1241796875 0 0 466796 17 41 63 0
3 2 7 1798018475 0 0 561836 17 41 107 0 63
0 0 0 1 0
0 0 0 1 1
1 0 0 1 1
16 0 0 1 0
16 0 0 1 1
17 0 0 1 1
20 0 0 1 0
20 0 0 1 1
21 0 0 1 1
25 0 0 1 0
25 0 0 1 1
26 0 0 1 1
9025 0 0 4 0
9025 0 0 4 1
2257 0 0 1 1
10625 0 0 4 0
10625 0 0 4 1
2657 0 0 1 1
112890625 0 0 42436 0
112890625 0 0 42436 1
2661 0 0 1 1
11025 0 0 4 0
11025 0 0 4 1
2757 0 0 1 1
12785 0 0 4 0
12785 0 0 4 1
3197 0 0 1 1
163456225 0 0 51076 0
163456225 0 0 51076 1
163507301 0 0 51076 1
31 5 4 3 1 30 0 1 100000
107 130 20 20
63 120 20 20
41 17 16 20
17 17 24 20
0 25 20 20
2 2 3 166205 0 0 52 41 107 0 63
2 2 3 153420 0 0 48 17 107 0 63
3 1 7 1241796875 0 0 466796 17 41 63 0
3 2 7 1798018475 0 0 561836 17 41 107 0 63
0 0 0 1 0
0 0 0 1 1
1 0 0 1 1
16 0 0 1 0
16 0 0 1 1
17 0 0 1 1
20 0 0 1 0
20 0 0 1 1
21 0 0 1 1
25 0 0 1 0
25 0 0 1 1
26 0 0 1 1
9025 0 0 4 0
9025 0 0 4 1
2257 0 0 1 1
10625 0 0 4 0
10625 0 0 4 1
2657 0 0 1 1
112890625 0 0 42436 0
112890625 0 0 42436 1
2661 0 0 1 1
11025 0 0 4 0
11025 0 0 4 1
2757 0 0 1 1
12785 0 0 4 0
12785 0 0 4 1
3197 0 0 1 1
163456225 0 0 51076 0
163456225 0 0 51076 1
163507301 0 0 51076 1
32 5 5 1 0 30 0 0 0
0 25 20 20
17 17 24 20
41 17 16 20
63 120 20 20
107 130 20 20
3 2 7 163456225 0 0 51076 17 41 107 0 63
0 0 0 1 0
0 0 0 1 1
1 0 0 1 1
16 0 0 1 0
16 0 0 1 1
17 0 0 1 1
20 0 0 1 0
20 0 0 1 1
21 0 0 1 1
25 0 0 1 0
25 0 0 1 1
26 0 0 1 1
9025 0 0 4 0
9025 0 0 4 1
2257 0 0 1 1
10625 0 0 4 0
10625 0 0 4 1
2657 0 0 1 1
112890625 0 0 42436 0
112890625 0 0 42436 1
2661 0 0 1 1
11025 0 0 4 0
11025 0 0 4 1
2757 0 0 1 1
12785 0 0 4 0
12785 0 0 4 1
3197 0 0 1 1
163456225 0 0 51076 0
163456225 0 0 51076 1
163507301 0 0 51076 1
33 5 5 1 0 30 0 1 0
0 25 20 20
17 17 24 20
41 17 16 20
63 120 20 20
107 130 20 20
3 2 7 163456225 0 0 51076 17 41 107 0 63
0 0 0 1 0
0 0 0 1 1
1 0 0 1 1
16 0 0 1 0
16 0 0 1 1
17 0 0 1 1
20 0 0 1 0
20 0 0 1 1
21 0 0 1 1
25 0 0 1 0
25 0 0 1 1
26 0 0 1 1
9025 0 0 4 0
9025 0 0 4 1
2257 0 0 1 1
10625 0 0 4 0
10625 0 0 4 1
2657 0 0 1 1
112890625 0 0 42436 0
112890625 0 0 42436 1
2661 0 0 1 1
11025 0 0 4 0
11025 0 0 4 1
2757 0 0 1 1
12785 0 0 4 0
12785 0 0 4 1
3197 0 0 1 1
163456225 0 0 51076 0
163456225 0 0 51076 1
163507301 0 0 51076 1
34 5 5 1 0 30 0 1 1
0 25 20 20
17 17 24 20
41 17 16 20
63 120 20 20
107 130 20 20
3 2 7 163456225 0 0 51076 17 41 107 0 63
0 0 0 1 0
0 0 0 1 1
1 0 0 1 1
16 0 0 1 0
16 0 0 1 1
17 0 0 1 1
20 0 0 1 0
20 0 0 1 1
21 0 0 1 1
25 0 0 1 0
25 0 0 1 1
26 0 0 1 1
9025 0 0 4 0
9025 0 0 4 1
2257 0 0 1 1
10625 0 0 4 0
10625 0 0 4 1
2657 0 0 1 1
112890625 0 0 42436 0
112890625 0 0 42436 1
2661 0 0 1 1
11025 0 0 4 0
11025 0 0 4 1
2757 0 0 1 1
12785 0 0 4 0
12785 0 0 4 1
3197 0 0 1 1
163456225 0 0 51076 0
163456225 0 0 51076 1
163507301 0 0 51076 1
35 5 5 1 0 30 0 1 100000
0 25 20 20
17 17 24 20
41 17 16 20
63 120 20 20
107 130 20 20
3 2 7 163456225 0 0 51076 17 41 107 0 63
0 0 0 1 0
0 0 0 1 1
1 0 0 1 1
16 0 0 1 0
16 0 0 1 1
17 0 0 1 1
20 0 0 1 0
20 0 0 1 1
21 0 0 1 1
25 0 0 1 0
25 0 0 1 1
26 0 0 1 1
9025 0 0 4 0
9025 0 0 4 1
2257 0 0 1 1
10625 0 0 4 0
10625 0 0 4 1
2657 0 0 1 1
112890625 0 0 42436 0
112890625 0 0 42436 1
2661 0 0 1 1
11025 0 0 4 0
11025 0 0 4 1
2757 0 0 1 1
12785 0 0 4 0
12785 0 0 4 1
3197 0 0 1 1
163456225 0 0 51076 0
163456225 0 0 51076 1
163507301 0 0 51076 1
36 5 5 1 0 30 0 0 0
107 130 20 20
63 120 20 20
41 17 16 20
17 17 24 20
0 25 20 20
3 2 7 1798018475 0 0 561836 17 41 107 0 63
0 0 0 1 0
0 0 0 1 1
1 0 0 1 1
16 0 0 1 0
16 0 0 1 1
17 0 0 1 1
20 0 0 1 0
20 0 0 1 1
21 0 0 1 1
25 0 0 1 0
25 0 0 1 1
26 0 0 1 1
9025 0 0 4 0
9025 0 0 4 1
2257 0 0 1 1
10625 0 0 4 0
10625 0 0 4 1
2657 0 0 1 1
112890625 0 0 42436 0
112890625 0 0 42436 1
2661 0 0 1 1
11025 0 0 4 0
11025 0 0 4 1
2757 0 0 1 1
12785 0 0 4 0
12785 0 0 4 1
3197 0 0 1 1
163456225 0 0 51076 0
163456225 0 0 51076 1
163507301 0 0 51076 1
37 5 5 1 0 30 0 1 0
107 130 20 20
63 120 20 20
41 17 16 20
17 17 24 20
0 25 20 20
3 2 7 1798018475 0 0 561836 17 41 107 0 63
0 0 0 1 0
0 0 0 1 1
1 0 0 1 1
16 0 0 1 0
16 0 0 1 1
17 0 0 1 1
20 0 0 1 0
20 0 0 1 1
21 0 0 1 1
25 0 0 1 0
25 0 0 1 1
26 0 0 1 1
9025 0 0 4 0
9025 0 0 4 1
2257 0 0 1 1
10625 0 0 4 0
10625 0 0 4 1
2657 0 0 1 1
112890625 0 0 42436 0
112890625 0 0 42436 1
2661 0 0 1 1
11025 0 0 4 0
11025 0 0 4 1
2757 0 0 1 1
12785 0 0 4 0
12785 0 0 4 1
3197 0 0 1 1
163456225 0 0 51076 0
163456225 0 0 51076 1
163507301 0 0 51076 1
38 5 5 1 0 30 0 1 1
107 130 20 20
63 120 20 20
41 17 16 20
17 17 24 20
0 25 20 20
3 2 7 1798018475 0 0 561836 17 41 107 0 63
0 0 0 1 0
0 0 0 1 1
1 0 0 1 1
16 0 0 1 0
16 0 0 1 1
17 0 0 1 1
20 0 0 1 0
20 0 0 1 1
21 0 0 1 1
25 0 0 1 0
25 0 0 1 1
26 0 0 1 1
9025 0 0 4 0
9025 0 0 4 1
2257 0 0 1 1
10625 0 0 4 0
10625 0 0 4 1
2657 0 0 1 1
112890625 0 0 42436 0
112890625 0 0 42436 1
2661 0 0 1 1
11025 0 0 4 0
11025 0 0 4 1
2757 0 0 1 1
12785 0 0 4 0
12785 0 0 4 1
3197 0 0 1 1
163456225 0 0 51076 0
163456225 0 0 51076 1
163507301 0 0 51076 1
39 5 5 1 0 30 0 1 100000
107 130 20 20
63 120 20 20
41 17 16 20
17 17 24 20
0 25 20 20
3 2 7 1798018475 0 0 561836 17 41 107 0 63
0 0 0 1 0
0 0 0 1 1
1 0 0 1 1
16 0 0 1 0
16 0 0 1 1
17 0 0 1 1
20 0 0 1 0
20 0 0 1 1
21 0 0 1 1
25 0 0 1 0
25 0 0 1 1
26 0 0 1 1
9025 0 0 4 0
9025 0 0 4 1
2257 0 0 1 1
10625 0 0 4 0
10625 0 0 4 1
2657 0 0 1 1
112890625 0 0 42436 0
112890625 0 0 42436 1
2661 0 0 1 1
11025 0 0 4 0
11025 0 0 4 1
2757 0 0 1 1
12785 0 0 4 0
12785 0 0 4 1
3197 0 0 1 1
163456225 0 0 51076 0
163456225 0 0 51076 1
163507301 0 0 51076 1
