C 8 8 1 9 0 4 4 8 4 4 4 9 4 4 4 4 4 4 8 4 4 0 3 4 4 5 4 4 4 7 4
C 8 8 3 9 0 4 4 8 4 4 4 9 4 4 4 4 4 4 8 4 4 0 3 4 4 5 4 4 4 7 4
C 8 12 1 9 0 4 4 8 4 4 4 9 4 4 4 4 4 4 8 4 4 0 3 4 4 5 4 4 4 7 4
C 8 12 3 9 0 4 4 8 4 4 4 9 4 4 4 4 4 4 8 4 4 0 3 4 4 5 4 4 4 7 4
C 16 8 1 9 0 4 4 8 4 4 4 9 4 4 4 4 4 4 8 4 4 0 3 4 4 5 4 4 4 7 4
C 16 8 3 9 0 4 4 8 4 4 4 9 4 4 4 4 4 4 8 4 4 0 3 4 4 5 4 4 4 7 4
C 16 12 1 9 0 4 4 8 4 4 4 9 4 4 4 4 4 4 8 4 4 0 3 4 4 5 4 4 4 7 4
C 16 12 3 9 0 4 4 8 4 4 4 9 4 4 4 4 4 4 8 4 4 0 3 4 4 5 4 4 4 7 4
C 8 8 1 9 1000 25000 25000 49000 25000 25000 25000 55000 25000 25000 25000 25000 25000 25000 49000 25000 25000 1000 19000 25000 25000 31000 25000 25000 25000 43000 25000
C 8 8 3 9 1000 25000 25000 49000 25000 25000 25000 55000 25000 25000 25000 25000 25000 25000 49000 25000 25000 1000 19000 25000 25000 31000 25000 25000 25000 43000 25000
C 8 12 1 9 1000 25000 25000 49000 25000 25000 25000 55000 25000 25000 25000 25000 25000 25000 49000 25000 25000 1000 19000 25000 25000 31000 25000 25000 25000 43000 25000
C 8 12 3 9 1000 25000 25000 49000 25000 25000 25000 55000 25000 25000 25000 25000 25000 25000 49000 25000 25000 1000 19000 25000 25000 31000 25000 25000 25000 43000 25000
C 16 8 1 9 1000 25000 25000 49000 25000 25000 25000 55000 25000 25000 25000 25000 25000 25000 49000 25000 25000 1000 19000 25000 25000 31000 25000 25000 25000 43000 25000
C 16 8 3 9 1000 25000 25000 49000 25000 25000 25000 55000 25000 25000 25000 25000 25000 25000 49000 25000 25000 1000 19000 25000 25000 31000 25000 25000 25000 43000 25000
C 16 12 1 9 1000 25000 25000 49000 25000 25000 25000 55000 25000 25000 25000 25000 25000 25000 49000 25000 25000 1000 19000 25000 25000 31000 25000 25000 25000 43000 25000
C 16 12 3 9 1000 25000 25000 49000 25000 25000 25000 55000 25000 25000 25000 25000 25000 25000 49000 25000 25000 1000 19000 25000 25000 31000 25000 25000 25000 43000 25000
C 8 8 1 6 0 0 0 65535 65535 0 65535 0 65535 0 65535 65535 32767 32768 32767 1 1 1
C 8 8 3 6 0 0 0 65535 65535 0 65535 0 65535 0 65535 65535 32767 32768 32767 1 1 1
C 8 12 1 6 0 0 0 65535 65535 0 65535 0 65535 0 65535 65535 32767 32768 32767 1 1 1
C 8 12 3 6 0 0 0 65535 65535 0 65535 0 65535 0 65535 65535 32767 32768 32767 1 1 1
C 16 8 1 6 0 0 0 65535 65535 0 65535 0 65535 0 65535 65535 32767 32768 32767 1 1 1
C 16 8 3 6 0 0 0 65535 65535 0 65535 0 65535 0 65535 65535 32767 32768 32767 1 1 1
C 16 12 1 6 0 0 0 65535 65535 0 65535 0 65535 0 65535 65535 32767 32768 32767 1 1 1
C 16 12 3 6 0 0 0 65535 65535 0 65535 0 65535 0 65535 65535 32767 32768 32767 1 1 1
C 8 8 1 8 0 0 0 65535 65535 65535 0 0 65535 0 65535 0 0 65535 65535 65535 0 0 65535 0 65535 65535 65535 0
C 8 8 3 8 0 0 0 65535 65535 65535 0 0 65535 0 65535 0 0 65535 65535 65535 0 0 65535 0 65535 65535 65535 0
C 8 12 1 8 0 0 0 65535 65535 65535 0 0 65535 0 65535 0 0 65535 65535 65535 0 0 65535 0 65535 65535 65535 0
C 8 12 3 8 0 0 0 65535 65535 65535 0 0 65535 0 65535 0 0 65535 65535 65535 0 0 65535 0 65535 65535 65535 0
C 16 8 1 8 0 0 0 65535 65535 65535 0 0 65535 0 65535 0 0 65535 65535 65535 0 0 65535 0 65535 65535 65535 0
C 16 8 3 8 0 0 0 65535 65535 65535 0 0 65535 0 65535 0 0 65535 65535 65535 0 0 65535 0 65535 65535 65535 0
C 16 12 1 8 0 0 0 65535 65535 65535 0 0 65535 0 65535 0 0 65535 65535 65535 0 0 65535 0 65535 65535 65535 0
C 16 12 3 8 0 0 0 65535 65535 65535 0 0 65535 0 65535 0 0 65535 65535 65535 0 0 65535 0 65535 65535 65535 0
S 8 64 72057594037927935 72057594037927935 4611686018427387903
S 8 64 -72057594037927935 72057594037927935 -4611686018427387903
S 8 64 72057594037927935 -72057594037927935 0
S 8 64 -72057594037927935 -72057594037927935 0
S 8 64 0 72057594037927935 0
S 8 64 0 0 0
S 8 64 0 0 -4611686018427387903
S 8 128 15625000000000000000000000000 15625000000000000000000000000 1000000000000000000000000000000
S 8 128 -15625000000000000000000000000 15625000000000000000000000000 -1000000000000000000000000000000
S 8 128 15625000000000000000000000000 -15625000000000000000000000000 0
S 8 128 -15625000000000000000000000000 -15625000000000000000000000000 0
S 8 128 0 15625000000000000000000000000 0
S 8 128 0 0 0
S 8 128 0 0 -1000000000000000000000000000000
S 16 64 36028797018963967 36028797018963967 4611686018427387903
S 16 64 -36028797018963967 36028797018963967 -4611686018427387903
S 16 64 36028797018963967 -36028797018963967 0
S 16 64 -36028797018963967 -36028797018963967 0
S 16 64 0 36028797018963967 0
S 16 64 0 0 0
S 16 64 0 0 -4611686018427387903
S 16 128 7812500000000000000000000000 7812500000000000000000000000 1000000000000000000000000000000
S 16 128 -7812500000000000000000000000 7812500000000000000000000000 -1000000000000000000000000000000
S 16 128 7812500000000000000000000000 -7812500000000000000000000000 0
S 16 128 -7812500000000000000000000000 -7812500000000000000000000000 0
S 16 128 0 7812500000000000000000000000 0
S 16 128 0 0 0
S 16 128 0 0 -1000000000000000000000000000000
