# Catalogue v10 (sources identiques a HEAD, build /tmp) sur les trois trames du contrat ; comptes deterministes.
# trame K sites boules niveaux boules/site q2 q3 q4 etendues ponderees coquille_max noeuds feuilles sum_m max_m bloquees recensements
lidar00_full 2 39885 267355 180128 6.70 188986 78369 0 86 0 4 400635 171930 1642296 12 0 924517
lidar00_full 3 39885 516844 382632 12.96 281402 218278 17164 120 0 4 686417 299654 3041990 12 0 1392063
lidar00_full 5 39885 1306696 1085775 32.76 456919 691283 158494 227 0 5 781865 352967 4921779 16 0 3269997
lidar00_full 7 39885 2565656 2260481 64.33 629624 1403717 532315 320 0 5 450623 207075 4277876 24 0 7657365
lidar00_full 10 39885 5512670 5085985 138.21 881908 2898218 1732544 444 0 5 1137143 530147 11451950 24 0 11507063
lidar00_full 12 39885 8314472 7806796 208.46 1050647 4173678 3090147 529 0 5 1062343 498459 12595105 28 0 17299594
lidar01_full 2 35551 231624 169836 6.52 164563 67061 0 54 0 3 327793 139028 1327022 12 0 774631
lidar01_full 3 35551 443000 347840 12.46 245578 183970 13452 86 0 4 560655 241973 2453533 12 0 1156673
lidar01_full 5 35551 1095926 941216 30.83 396629 577994 121303 135 0 4 636589 284367 3961856 16 0 2654924
lidar01_full 7 35551 2104698 1894759 59.20 542313 1159812 402573 204 0 5 368461 167399 3453663 24 0 6018320
lidar01_full 10 35551 4383302 4094745 123.30 755068 2357638 1270596 280 0 5 931949 430465 9293392 24 0 8859180
lidar01_full 12 35551 6492748 6152226 182.63 897291 3369652 2225805 341 0 5 873087 405709 10241579 28 0 13077218
lidar02_full 2 45845 301745 179238 6.58 213142 88603 0 218 0 4 378503 157765 1509729 12 0 985345
lidar02_full 3 45845 575614 385534 12.56 322403 237562 15649 333 0 4 643389 273684 2778843 12 0 1457519
lidar02_full 5 45845 1407885 1099581 30.71 518233 746547 143105 572 0 5 734083 323224 4510019 16 0 3304711
lidar02_full 7 45845 2675990 2256557 58.37 706416 1493734 475840 865 0 5 431445 192575 3974334 24 0 7362439
lidar02_full 10 45845 5483320 4908695 119.61 977534 3019193 1486593 1301 0 5 1065585 485833 10485734 24 0 10818144
lidar02_full 12 45845 8025829 7346649 175.06 1160817 4293313 2571699 1559 0 5 1002761 460187 11611925 28 0 15779368
# by_q_p (boules par (q_min, p)), trame 02, K = 12
q2 [118890, 94252, 109261, 92389, 103441, 89169, 99014, 87643, 96490, 86985, 93485, 89798]
q3 [88603, 148959, 225659, 283326, 349250, 397937, 457891, 506126, 561442, 609490, 664630, 0]
q4 [15649, 43278, 84178, 136193, 196542, 262256, 334777, 413720, 497305, 587801, 0, 0]
