5 24 256 50000 4294967295 134217728 48
0 262144 524288 0
0 262144 1048576 1
0 524288 262144 2
0 524288 1310720 3
0 1048576 262144 4
0 1048576 1310720 5
0 1310720 524288 6
0 1310720 1048576 7
262144 0 524288 8
262144 0 1048576 9
262144 524288 0 10
262144 524288 1572864 11
262144 1048576 0 12
262144 1048576 1572864 13
262144 1572864 524288 14
262144 1572864 1048576 15
524288 0 262144 16
524288 0 1310720 17
524288 262144 0 18
524288 262144 1572864 19
524288 1310720 0 20
524288 1310720 1572864 21
524288 1572864 262144 22
524288 1572864 1310720 23
1048576 0 262144 24
1048576 0 1310720 25
1048576 262144 0 26
1048576 262144 1572864 27
1048576 1310720 0 28
1048576 1310720 1572864 29
1048576 1572864 262144 30
1048576 1572864 1310720 31
1310720 0 524288 32
1310720 0 1048576 33
1310720 524288 0 34
1310720 524288 1572864 35
1310720 1048576 0 36
1310720 1048576 1572864 37
1310720 1572864 524288 38
1310720 1572864 1048576 39
1572864 262144 524288 40
1572864 262144 1048576 41
1572864 524288 262144 42
1572864 524288 1310720 43
1572864 1048576 262144 44
1572864 1048576 1310720 45
1572864 1310720 524288 46
1572864 1310720 1048576 47
