2 16 256 50000 4294967295 134217728 24
0 0 262144 0
0 0 786432 1
0 262144 0 2
0 262144 1048576 3
0 786432 0 4
0 786432 1048576 5
0 1048576 262144 6
0 1048576 786432 7
262144 0 0 8
262144 0 1048576 9
262144 1048576 0 10
262144 1048576 1048576 11
786432 0 0 12
786432 0 1048576 13
786432 1048576 0 14
786432 1048576 1048576 15
1048576 0 262144 16
1048576 0 786432 17
1048576 262144 0 18
1048576 262144 1048576 19
1048576 786432 0 20
1048576 786432 1048576 21
1048576 1048576 262144 22
1048576 1048576 786432 23
