C 0 0 0 0
C 1 0 0 1
C 1 0 0 9007199254740991
C 1 0 0 9007199254740992
C 1 0 0 9007199254740993
C 1 0 1 0
C 1 18446744073709551615 18446744073709551615 18446744073709551615
C -1 18446744073709551615 18446744073709551615 18446744073709551615
S 0 0 0 0 0 0 1 0 0 30000010 1 0 0 15000005 1 0 0 15000005 0 0 3
S 0 0 0 15000005 15000005 0 1 0 0 30000010 1 0 0 15000005 1 0 0 15000005 0 0 3
S 0 0 0 15000005 0 15000005 1 0 0 30000010 1 0 0 15000005 1 0 0 15000005 0 0 3
S 15000010 0 15000010 15000010 0 15000010 -1 0 0 15000010 1 0 0 15000010 -1 0 0 30000020 0 0 3
S 15000010 0 15000010 15000010 15000010 0 -1 0 0 15000010 1 0 0 15000010 -1 0 0 30000020 0 0 3
S 15000010 0 15000010 0 0 0 -1 0 0 15000010 1 0 0 15000010 -1 0 0 30000020 0 0 3
S 4000000000 4000000000 4000000000 4000000000 4000000000 4000000000 1 0 0 1000025 1 0 0 840021 0 0 0 0 0 0 10
S 4000000000 4000000000 4000000000 4000200005 4000000000 4000000000 1 0 0 1000025 1 0 0 840021 0 0 0 0 0 0 10
S 4000000000 4000000000 4000000000 4000040001 4000200005 4000000000 1 0 0 1000025 1 0 0 840021 0 0 0 0 0 0 10
S 0 0 0 2 0 0 1 0 0 2 0 0 0 0 0 0 0 0 0 0 1
S 0 0 0 5 0 0 1 0 0 2 0 0 0 0 0 0 0 0 0 0 1
B 0 0 0 5 0 0 6 0 0 1 0 0 2 0 0 0 0 0 0 0 0 0 0 1
B 0 0 0 0 0 0 3 1 1 1 0 0 2 0 0 0 0 0 0 0 0 0 0 1
S 4294967295 4294967295 4294967295 0 0 0 1 18446744073709551615 18446744073709551615 18446744073709551615 1 18446744073709551615 18446744073709551615 18446744073709551615 1 18446744073709551615 18446744073709551615 18446744073709551615 0 0 1
S 4294967295 0 0 4294967295 0 0 1 0 0 1 0 0 0 0 0 0 0 0 18446744073709551615 18446744073709551615 18446744073709551615
B 0 0 0 4294967294 0 0 4294967295 1 1 1 0 0 1 0 0 0 0 0 0 0 0 18446744073709551615 18446744073709551615 18446744073709551615
S 0 0 0 0 0 0 0 0 0 0 0 0 0 0 0 0 0 0 0 0 0
B 0 0 0 2 0 0 1 0 0 1 0 0 2 0 0 0 0 0 0 0 0 0 0 1
C 0 0 0 1
