case frame n K | wall chain | q2 q2cen | q34 front filt cert lanes lanes_wait glue | merge census tower(val) | ctx pinned digest catdig | balls nodes cat_MB rss_MB cpu_s | q2cand q2acc q34rect exp surv q3e q4e census_nodes
0 G 39885 5 | 926 | 105 71 | 482 98 96 119 81 79 88 | 28 102 289 34 | 121 39 192 286 | 1306696 1541750 293 1522 17.285 | 9159254 456919 3133819 23686751 2043612 691284 158496 100689614
4 G 35551 5 | 760 | 76 66 | 378 75 67 99 66 64 71 | 26 86 246 31 | 162 39 162 233 | 1095926 1306721 245 1314 13.248 | 7332740 396630 2348056 11960420 1732176 577994 121303 78293518
8 G 45845 5 | 983 | 116 78 | 513 98 98 132 94 93 91 | 30 109 300 38 | 164 38 209 310 | 1407885 1683088 315 1622 17.881 | 11087915 518234 2964033 22722345 2237912 746549 143107 102067071
2 G 39885 10 | 2961 | 206 110 | 1106 168 157 272 302 299 207 | 83 500 1212 117 | 164 190 999 1347 | 5512670 7426215 1235 6211 76.015 | 12804414 881908 4782714 30777213 4507278 2898219 1732548 535150766
6 G 35551 10 | 2269 | 148 99 | 833 122 105 209 233 231 164 | 76 383 926 83 | 161 193 801 1034 | 4383302 5954045 982 5317 56.554 | 10141555 755069 3549478 17488839 3673260 2357638 1270597 391681722
10 G 45845 10 | 2888 | 223 122 | 1179 164 167 304 335 333 208 | 84 478 1081 113 | 164 190 1002 1350 | 5483320 7468379 1228 6264 70.336 | 15011919 977537 4695935 32789701 4927304 3019195 1486601 488325900
24 G 123389 5 | 1991 | 177 168 | 1018 288 149 211 185 123 185 | 62 210 632 70 | 124 41 434 645 | 2822052 3532035 632 2770 34.529 | 9024581 1265445 6175011 22034426 3986433 1370355 186257 215663170
28 G 124479 5 | 1810 | 141 168 | 861 238 135 179 141 139 169 | 58 207 609 74 | 165 39 426 628 | 2747970 3465807 616 2663 31.289 | 6257779 1255663 5639506 21787384 3599574 1332826 159483 204020982
32 G 125526 5 | 2027 | 161 173 | 970 256 160 202 166 164 186 | 58 229 695 80 | 166 40 471 707 | 3071514 3811372 688 2967 35.563 | 8218386 1321730 6225732 26735083 3905098 1540941 208848 227590750
26 G 123389 10 | 6010 | 342 293 | 2227 517 257 440 620 462 392 | 184 1024 2417 254 | 166 192 2111 2907 | 11387391 15887830 2551 9902 145.155 | 14591241 2598083 9875830 37868819 7811827 6665122 2124194 1058910617
30 G 124479 10 | 5311 | 289 293 | 1899 433 232 382 475 471 377 | 208 924 2142 244 | 163 199 1986 2722 | 10663312 14966738 2389 9609 128.584 | 10703291 2562141 9132458 32014343 7187750 6353470 1747706 955605342
34 G 125526 10 | 5907 | 353 303 | 2197 478 283 454 565 561 417 | 188 1024 2348 281 | 165 195 2169 2993 | 11684593 16274683 2617 10276 140.112 | 15925485 2628631 10503611 47484052 8039067 6921919 2134057 1039443687
1 E 39885 5 | 2770 | 104 0 | 2178 0 0 0 0 0 - | 36 106 308 38 | 0 0 192 286 | 1306696 1541750 293 1178 114.885 | 9159254 456919 0 23686751 0 691284 158496 100689614
3 E 39885 10 | 8405 | 204 0 | 6275 0 0 0 0 0 - | 105 513 1236 125 | 0 0 1000 1354 | 5512670 7426215 1235 4364 344.853 | 12804414 881908 0 30777213 0 2898219 1732548 535150766
