mcs ms | spher hiera bridg unbal heter aniso
10 None | 0.75 0.48 0.78 0.73 0.72 0.75
10 5 | 0.68 0.49 0.69 0.73 0.75 0.65
20 None | 0.40 0.69 0.75 0.70 0.69 0.69
20 5 | 0.80 0.49 0.82 0.76 0.75 0.78
30 None | 0.38 0.93 0.69 0.68 0.69 0.66
30 5 | 0.80 0.49 0.82 0.76 0.75 0.78
50 None | 0.17 0.95 0.44 0.64 0.67 0.57
50 5 | 0.80 0.49 0.82 0.75 0.75 0.78
75 None | 0.17 0.95 0.17 0.65 0.64 0.34
75 5 | 0.80 0.79 0.69 0.74 0.75 0.65
100 None | 0.17 0.70 0.16 0.63 0.60 0.16
100 5 | 0.68 0.97 0.69 0.73 0.75 0.65
125 None | 0.16 0.55 0.16 0.64 0.57 0.15
125 5 | 0.55 0.97 0.69 0.73 0.75 0.65
150 None | 0.16 0.41 0.16 0.65 0.50 0.14
150 5 | 0.42 0.97 0.57 0.70 0.73 0.65
