  d  di    n  G  k  bruit          rank lam_min lam_max  P  ARI_emp ARI_spe  per_e per_s gap_e gap_s  |g|/ech  t_emp  t_spe
---------------------------------------------------------------------------------------------------------------------------
  2   2  300  4  1  none            103 -0.0000   5.268   4    1.000   1.000      2     4     2     2  5.8e-08    0.4    0.9
  2   2  300  4  5  none            103 -0.0000   5.268   4    0.743   1.000      4     4     6     2  5.8e-08    0.4    0.2
  2   2 1000  4  1  none            104 -0.0000   5.326   4    0.997   0.997      3     4     3     3  7.5e-09    6.3    0.3
  2   2 1000  4  5  none            104 -0.0000   5.326   4    0.330   0.997      4     4     2     3  7.5e-09    4.7    0.6
 10   2  300  4  1  none            128 -0.0000   4.563   4    1.000   1.000      2     4     2     2  2.6e-05    0.6    2.1
 10   2  300  4  5  none            128 -0.0000   4.563   4    0.743   1.000      4     4     6     2  2.6e-05    0.5    2.3
 10   2 1000  4  1  none            128 -0.0000   4.998   4    0.997   0.997      3     4     3     3  5.7e-05    6.3    7.9
 10   2 1000  4  5  none            128 -0.0000   4.998   4    0.330   0.997      4     4     2     3  5.7e-05    5.8    7.6
 10   5  300  4  1  none            128  0.0009   5.918   4    1.000   1.000      3     4     3     3  3.6e-05    0.6    4.2
 10   5  300  4  5  none            128  0.0009   5.918   4    0.338   1.000      4     4     2     3  3.6e-05    0.6    2.9
 10   5 1000  4  1  none            128  0.0027   4.356   4    0.706   1.000      3     4     3     2  3.1e-05    4.4   12.0
 10   5 1000  4  5  none            128  0.0027   4.356   4    0.000   1.000      4     4     2     2  3.1e-05    5.2   11.3
 50   2  300  4  1  none            128 -0.0000   4.730   4    1.000   1.000      2     4     2     2  4.9e-06    0.3    4.9
 50   2  300  4  5  none            128 -0.0000   4.730   4    0.743   1.000      4     4     6     2  4.9e-06    0.3    4.2
 50   2 1000  4  1  none            128 -0.0000   5.020   4    0.997   1.000      3     4     3     3  1.3e-05    3.1   21.4
 50   2 1000  4  5  none            128 -0.0000   5.020   4    0.330   1.000      4     4     2     3  1.3e-05    5.4   21.5
 50   5  300  4  1  none            128  0.0010   5.655   4    1.000   1.000      3     4     3     3  3.4e-05    0.2    5.6
 50   5  300  4  5  none            128  0.0010   5.655   4    0.338   1.000      4     4     2     3  3.4e-05    0.7    8.0
 50   5 1000  4  1  none            128  0.0038   4.364   4    0.706   1.000      3     4     3     2  7.5e-05    8.5   11.2
 50   5 1000  4  5  none            128  0.0038   4.364   4    0.000   1.000      4     4     2     2  7.5e-05    8.5   12.3
200   2  300  4  1  none            128 -0.0000   4.731   4    1.000   1.000      2     4     2     2  3.0e-05    0.1   14.1
200   2  300  4  5  none            128 -0.0000   4.731   4    0.743   1.000      4     4     6     2  3.0e-05    0.3   14.0
200   2 1000  4  1  none            128 -0.0000   4.766   4    0.997   0.997      3     4     3     2  1.9e-05    6.9   59.4
200   2 1000  4  5  none            128 -0.0000   4.766   4    0.330   0.997      4     4     2     2  1.9e-05    7.5   48.8
200   5  300  4  1  none            128  0.0009   6.374   4    1.000   1.000      3     4     3     3  9.0e-04    0.6   18.0
200   5  300  4  5  none            128  0.0009   6.374   4    0.338   1.000      4     4     2     3  9.0e-04    0.2   15.7
200   5 1000  4  1  none            128  0.0042   4.379   4    0.706   1.000      3     4     3     3  4.7e-05    4.5   21.1
200   5 1000  4  5  none            128  0.0042   4.379   4    0.000   1.000      4     4     2     3  4.7e-05    3.8   20.7
  2   2  300  4  1  isotropic_norm  103 -0.0000   5.268   4    1.000   1.000      2     4     2     2  5.8e-08    0.3    0.2
  2   2  300  4  5  isotropic_norm  103 -0.0000   5.268   4    0.743   1.000      4     4     6     2  5.8e-08    0.4    0.4
  2   2 1000  4  1  isotropic_norm  104 -0.0000   5.326   4    0.997   0.997      3     4     3     3  7.5e-09    3.3    0.5
  2   2 1000  4  5  isotropic_norm  104 -0.0000   5.326   4    0.330   0.997      4     4     2     3  7.5e-09    4.7    0.2
 10   2  300  4  1  isotropic_norm  128  0.0061   4.645   4    0.991   0.991      2     4     2     2  7.9e-08    0.2    0.1
 10   2  300  4  5  isotropic_norm  128  0.0061   4.645   4    0.743   0.991      4     4     3     2  7.9e-08    0.2    0.2
 10   2 1000  4  1  isotropic_norm  128  0.0113   4.182   4    1.000   0.997      3     4     3     2  1.3e-07    5.0    1.0
 10   2 1000  4  5  isotropic_norm  128  0.0113   4.182   4    0.000   0.997      4     4     3     2  1.3e-07    5.8    1.0
 10   5  300  4  1  isotropic_norm  128  0.0123   4.575   4    1.000   0.992      3     4     3     2  9.9e-08    0.1    0.2
 10   5  300  4  5  isotropic_norm  128  0.0123   4.575   4    0.496   0.992      4     4     6     2  9.9e-08    0.3    0.2
 10   5 1000  4  1  isotropic_norm  128  0.0329   3.787   4    0.706   1.000      3     4     3     2  1.2e-07    6.1    1.0
 10   5 1000  4  5  isotropic_norm  128  0.0329   3.787   4    0.000   1.000      4     4     6     2  1.2e-07    5.4    0.5
 50   2  300  4  1  isotropic_norm  128  0.0111   4.950   4    1.000   1.000      2     4     2     2  1.4e-07    0.3    0.9
 50   2  300  4  5  isotropic_norm  128  0.0111   4.950   4    0.743   1.000      4     4     3     2  1.4e-07    0.4    1.2
 50   2 1000  4  1  isotropic_norm  128  0.0232   4.981   4    0.713   0.997      3     4     3     2  2.3e-07    4.7    3.2
 50   2 1000  4  5  isotropic_norm  128  0.0232   4.981   4    0.330   0.997      4     4     7     2  2.3e-07    6.0    2.9
 50   5  300  4  1  isotropic_norm  128  0.0248   4.766   4    1.000   1.000      3     4     3     3  1.3e-07    0.3    1.4
 50   5  300  4  5  isotropic_norm  128  0.0248   4.766   4    0.739   1.000      4     4     2     3  1.3e-07    0.7    1.9
 50   5 1000  4  1  isotropic_norm  128  0.0298   4.536   4    0.706   1.000      3     4     3     3  1.4e-07    5.0    2.8
 50   5 1000  4  5  isotropic_norm  128  0.0298   4.536   4    0.000   1.000      4     4     5     3  1.4e-07    4.2    2.2
200   2  300  4  1  isotropic_norm  128  0.0173   4.445   4    1.000   1.000      2     4     2     2  1.5e-06    0.2   12.3
200   2  300  4  5  isotropic_norm  128  0.0173   4.445   4    0.743   1.000      4     4     3     2  1.5e-06    0.5   11.4
200   2 1000  4  1  isotropic_norm  128  0.0383   4.533   4    0.997   0.997      3     4     3     2  4.2e-07    4.7   13.5
200   2 1000  4  5  isotropic_norm  128  0.0383   4.533   4    0.000   0.997      4     4     2     2  4.2e-07    4.1   14.1
200   5  300  4  1  isotropic_norm  128  0.0271   4.313   4    1.000   0.992      3     4     3     2  1.2e-05    0.3   11.9
200   5  300  4  5  isotropic_norm  128  0.0271   4.313   4    0.338   0.992      4     4     2     2  1.2e-05    0.2   10.8
200   5 1000  4  1  isotropic_norm  128  0.0449   4.312   4    0.706   1.000      3     4     3     2  2.3e-07    3.0   10.4
200   5 1000  4  5  isotropic_norm  128  0.0449   4.312   4    0.000   1.000      4     4     4     2  2.3e-07    3.5   16.3
  2   2  300  4  1  per_coordinate  103 -0.0000   5.268   4    1.000   1.000      2     4     2     2  5.8e-08    0.4    0.3
  2   2  300  4  5  per_coordinate  103 -0.0000   5.268   4    0.743   1.000      4     4     6     2  5.8e-08    0.2    0.2
  2   2 1000  4  1  per_coordinate  104 -0.0000   5.326   4    0.997   0.997      3     4     3     3  7.5e-09    3.0    0.2
  2   2 1000  4  5  per_coordinate  104 -0.0000   5.326   4    0.330   0.997      4     4     2     3  7.5e-09    3.0    0.2
 10   2  300  4  1  per_coordinate  128  0.0331   3.925   4    0.722   0.991      4     4     4     3  1.6e-07    0.3    0.2
 10   2  300  4  5  per_coordinate  128  0.0331   3.925   4    0.000   0.991      4     4     2     3  1.6e-07    0.3    0.2
 10   2 1000  4  1  per_coordinate  128  0.0825   3.374   4   -0.000   0.995      3     4     3     2  6.2e-07    3.9    0.6
 10   2 1000  4  5  per_coordinate  128  0.0825   3.374   4   -0.000   0.995      4     4     3     2  6.2e-07    4.5    0.6
 10   5  300  4  1  per_coordinate  128  0.0267   4.062   4    0.742   1.000      3     4     3     3  5.3e-08    0.3    0.2
 10   5  300  4  5  per_coordinate  128  0.0267   4.062   4    0.000   1.000      4     4     2     3  5.3e-08    0.4    0.2
 10   5 1000  4  1  per_coordinate  128  0.0710   3.451   4    0.707   1.000      3     4     3     2  3.6e-08    4.0    0.3
 10   5 1000  4  5  per_coordinate  128  0.0710   3.451   4   -0.000   1.000      4     4     2     2  3.6e-08    3.7    0.7
 50   2  300  4  1  per_coordinate  128  0.1182   2.729   5   -0.000   0.661      2     2     2     4  7.4e-08    0.2    0.6
 50   2  300  4  5  per_coordinate  128  0.1182   2.729   5    0.000   0.661      4     2     2     4  7.4e-08    0.2    0.6
 50   2 1000  4  1  per_coordinate  128  0.3149   2.183   4    0.000   0.989      7     4     7     3  9.0e-07    3.4    1.9
 50   2 1000  4  5  per_coordinate  128  0.3149   2.183   4    0.000   0.989      4     4     2     3  9.0e-07    3.8    1.7
 50   5  300  4  1  per_coordinate  128  0.1186   2.671   4    0.000   0.973      4     2     4     2  6.1e-08    0.3    0.7
 50   5  300  4  5  per_coordinate  128  0.1186   2.671   4    0.000   0.973      2     2     2     2  6.1e-08    0.5    0.5
 50   5 1000  4  1  per_coordinate  128  0.3107   2.196   4   -0.000   0.992      2     4     2     3  1.1e-06    3.2    1.3
 50   5 1000  4  5  per_coordinate  128  0.3107   2.196   4    0.000   0.992      3     4     2     3  1.1e-06    3.1    0.9
200   2  300  4  1  per_coordinate  128  0.1422   2.705   1    0.000   0.000      4     1     4     1  3.9e-07    0.4   11.1
200   2  300  4  5  per_coordinate  128  0.1422   2.705   1   -0.000   0.000      2     1     6     1  3.9e-07    0.6   13.9
200   2 1000  4  1  per_coordinate  128  0.4214   1.850   1   -0.000   0.000      3     1     3     1  4.7e-08    4.9    6.9
200   2 1000  4  5  per_coordinate  128  0.4214   1.850   1   -0.000   0.000      4     1     2     1  4.7e-08    5.2    7.2
200   5  300  4  1  per_coordinate  128  0.1278   2.624   2    0.000   0.486      2     2     2     1  5.5e-07    0.5   13.6
200   5  300  4  5  per_coordinate  128  0.1278   2.624   2   -0.000   0.486      2     2     2     1  5.5e-07    0.4   12.4
200   5 1000  4  1  per_coordinate  128  0.4265   1.820   1   -0.000   0.000      5     1     5     1  3.1e-07    5.8    6.7
200   5 1000  4  5  per_coordinate  128  0.4265   1.820   1    0.000   0.000      2     1     2     1  3.1e-07    5.4    7.9

moyennes par (bruit, d, k) : ARI empirique contre ARI spectral
bruit            d   k  cas  ARI_emp  ARI_spe  ecart
isotropic_norm    2   1    2    0.999    0.999  +0.000
isotropic_norm    2   5    2    0.537    0.999  +0.462
isotropic_norm   10   1    4    0.924    0.995  +0.071
isotropic_norm   10   5    4    0.310    0.995  +0.685
isotropic_norm   50   1    4    0.855    0.999  +0.145
isotropic_norm   50   5    4    0.453    0.999  +0.546
isotropic_norm  200   1    4    0.926    0.997  +0.072
isotropic_norm  200   5    4    0.270    0.997  +0.727
none              2   1    2    0.999    0.999  +0.000
none              2   5    2    0.537    0.999  +0.462
none             10   1    4    0.926    0.999  +0.074
none             10   5    4    0.353    0.999  +0.646
none             50   1    4    0.926    1.000  +0.074
none             50   5    4    0.353    1.000  +0.647
none            200   1    4    0.926    0.999  +0.074
none            200   5    4    0.353    0.999  +0.646
per_coordinate    2   1    2    0.999    0.999  +0.000
per_coordinate    2   5    2    0.537    0.999  +0.462
per_coordinate   10   1    4    0.543    0.996  +0.454
per_coordinate   10   5    4    0.000    0.996  +0.996
per_coordinate   50   1    4    0.000    0.904  +0.904
per_coordinate   50   5    4    0.000    0.904  +0.904
per_coordinate  200   1    4    0.000    0.121  +0.121
per_coordinate  200   5    4   -0.000    0.121  +0.122
EXIT=0
