order 1 10 6
node 0 7 0 1 -1 1,0,0
node 1 7 0 1 -1 0,1,0
node 2 7 0 1 -1 0,0,1
node 3 8 0 1 -1 2,2,0
node 4 6 0 1 -1 50,50,50
node 5 6 0 1 -1 51,50,50
node 6 9 1 4 -1
node 7 8 1 2 -1
node 8 9 5 4 -1
node 9 -1 1777 1 -1
point 1 0 0 0 0
point 0 1 0 1 0
point 0 0 1 2 0
point 2 2 0 3 0
point 50 50 50 4 0
point 51 50 50 5 0
order 2 12 6
node 0 10 1 4 6 50,50,50 51,50,50
node 1 7 1 2 7 1,0,0 0,1,0
node 2 7 1 2 7 1,0,0 0,0,1
node 3 8 1 2 7 0,1,0 0,0,1
node 4 9 5 4 8 1,0,0 2,2,0
node 5 9 5 4 8 0,1,0 2,2,0
node 6 10 1777 1 9 2,2,0 50,50,50
node 7 8 2 3 7
node 8 9 2 3 7
node 9 11 25 18 8
node 10 11 7205 4 9
node 11 -1 7401 4 9
point 1 0 0 9 2
point 0 1 0 9 2
point 0 0 1 9 2
point 2 2 0 9 5
point 50 50 50 0 1
point 51 50 50 0 1
order 3 9 6
node 0 6 2 3 8 1,0,0 0,1,0 0,0,1
node 1 6 25 18 9 1,0,0 0,1,0 2,2,0
node 2 8 7205 4 10 50,50,50 2,2,0 51,50,50
node 3 7 7401 4 11 2,2,0 1,0,0 50,50,50
node 4 7 7401 4 11 2,2,0 0,1,0 50,50,50
node 5 7 7401 4 11 2,2,0 0,0,1 50,50,50
node 6 7 9 4 9
node 7 8 54774801 29602 11
node 8 -1 1875 1 11
point 1 0 0 0 2
point 0 1 0 0 2
point 0 0 1 0 2
point 2 2 0 6 5
point 50 50 50 8 7108
point 51 50 50 8 7205
