  d  di    n  G  k  bruit          rank lam_min lam_max  P  ARI_emp ARI_spe  per_e per_s gap_e gap_s  |g|/ech  t_emp  t_spe
---------------------------------------------------------------------------------------------------------------------------
  2   2  300  4  1  none            145 -0.0000   5.459  30    1.000  -0.000      2     8     2     3  1.3e-04    0.5    5.6
  2   2  300  4  5  none            145 -0.0000   5.459  30    0.743  -0.000      4     8     6     3  1.3e-04    0.3    4.3
  2   2  300  4  1  none            154 -0.0000   5.567   4    1.000   1.000      4     4     4     2  1.3e-06    0.4    0.3
  2   2  300  4  5  none            154 -0.0000   5.567   4    1.000   1.000      4     4     4     2  1.3e-06    0.3    0.4
  2   2  300  4  1  none            156 -0.0000   5.819   4    1.000   1.000      4     4     4     2  8.0e-07    0.3    0.5
  2   2  300  4  5  none            156 -0.0000   5.819   4    1.000   1.000      4     4     4     2  8.0e-07    0.3    0.5
 10   2  300  4  1  none            255 -0.0000   5.409   4    1.000   0.991      2     4     2     2  1.1e-05    0.3    3.0
 10   2  300  4  5  none            255 -0.0000   5.409   4    0.743   0.991      4     4     6     2  1.1e-05    0.4    3.0
 10   2  300  4  1  none            256 -0.0000   5.494   4    1.000   1.000      4     4     4     3  8.8e-07    0.4    2.0
 10   2  300  4  5  none            256 -0.0000   5.494   4    1.000   1.000      4     4     4     3  8.8e-07    0.1    2.5
 10   2  300  4  1  none            256 -0.0000   5.721   4    1.000   1.000      4     4     4     2  1.3e-05    0.3    3.3
 10   2  300  4  5  none            256 -0.0000   5.721   4    1.000   1.000      4     4     4     2  1.3e-05    0.4    3.6
 50   2  300  4  1  none            256 -0.0000   5.183   4    1.000   0.991      2     4     2     2  8.4e-06    0.3    4.6
 50   2  300  4  5  none            256 -0.0000   5.183   4    0.743   0.991      4     4     6     2  8.4e-06    0.3    4.7
 50   2  300  4  1  none            256 -0.0000   5.365   4    1.000   1.000      4     4     4     2  6.1e-06    0.6    7.5
 50   2  300  4  5  none            256 -0.0000   5.365   4    1.000   1.000      4     4     4     2  6.1e-06    0.5    5.0
 50   2  300  4  1  none            256 -0.0000   5.610   4    1.000   1.000      4     4     4     3  3.0e-05    0.4    3.2
 50   2  300  4  5  none            256 -0.0000   5.610   4    1.000   1.000      4     4     4     3  3.0e-05    0.4    3.4
200   2  300  4  1  none            256 -0.0000   5.326   4    1.000   1.000      2     4     2     2  3.2e-05    0.4    6.6
200   2  300  4  5  none            256 -0.0000   5.326   4    0.743   1.000      4     4     6     2  3.2e-05    0.3    6.7
200   2  300  4  1  none            256 -0.0000   5.135   4    1.000   1.000      4     4     4     2  5.5e-06    0.3    5.8
200   2  300  4  5  none            256 -0.0000   5.135   4    1.000   1.000      4     4     4     2  5.5e-06    0.5    4.6
200   2  300  4  1  none            256 -0.0000   5.197   4    1.000   1.000      4     4     4     3  7.9e-06    0.2    4.2
200   2  300  4  5  none            256 -0.0000   5.197   4    1.000   1.000      4     4     4     3  7.9e-06    0.2    4.5
  2   2  300  4  1  per_coordinate  145 -0.0000   5.459  30    1.000  -0.000      2     8     2     3  1.3e-04    0.3    7.9
  2   2  300  4  5  per_coordinate  145 -0.0000   5.459  30    0.743  -0.000      4     8     6     3  1.3e-04    0.4    4.0
  2   2  300  4  1  per_coordinate  154 -0.0000   5.567   4    1.000   1.000      4     4     4     2  1.3e-06    0.3    0.3
  2   2  300  4  5  per_coordinate  154 -0.0000   5.567   4    1.000   1.000      4     4     4     2  1.3e-06    0.5    0.5
  2   2  300  4  1  per_coordinate  156 -0.0000   5.819   4    1.000   1.000      4     4     4     2  8.0e-07    0.5    0.8
  2   2  300  4  5  per_coordinate  156 -0.0000   5.819   4    1.000   1.000      4     4     4     2  8.0e-07    0.5    0.8
 10   2  300  4  1  per_coordinate  256  0.0019   5.201   6    0.722   0.991      4     4     4     4  5.7e-07    0.5    0.8
 10   2  300  4  5  per_coordinate  256  0.0019   5.201   6    0.000   0.991      4     4     2     4  5.7e-07    0.5    0.6
 10   2  300  4  1  per_coordinate  256  0.0019   5.869   4    1.000   1.000      3     4     3     3  7.0e-08    0.4    0.5
 10   2  300  4  5  per_coordinate  256  0.0019   5.869   4    0.314   1.000      4     4     2     3  7.0e-08    0.3    0.7
 10   2  300  4  1  per_coordinate  256  0.0014   5.375   7    1.000   1.000      4     4     4     4  1.0e-07    0.4    0.6
 10   2  300  4  5  per_coordinate  256  0.0014   5.375   7    0.002   1.000      4     4     3     4  1.0e-07    0.4    0.8
 50   2  300  4  1  per_coordinate  256  0.0067   3.722   6   -0.000   0.992      2     4     2     4  1.9e-07    0.5    0.7
 50   2  300  4  5  per_coordinate  256  0.0067   3.722   6    0.000   0.992      4     4     2     4  1.9e-07    0.4    0.8
 50   2  300  4  1  per_coordinate  256  0.0091   3.619   6    0.001   0.991      3     2     3     2  2.0e-07    0.5    1.8
 50   2  300  4  5  per_coordinate  256  0.0091   3.619   6   -0.000   0.991      2     2     2     2  2.0e-07    0.3    1.4
 50   2  300  4  1  per_coordinate  256  0.0088   3.756   5    0.497   1.000     11     4    11     4  1.5e-07    0.6    1.3
 50   2  300  4  5  per_coordinate  256  0.0088   3.756   5    0.001   1.000      4     4     2     4  1.5e-07    0.4    1.8
200   2  300  4  1  per_coordinate  256  0.0058   3.573   3    0.000   0.658      4     3     4     2  2.5e-07    0.4   12.0
200   2  300  4  5  per_coordinate  256  0.0058   3.573   3   -0.000   0.658      2     3     6     2  2.5e-07    0.7   10.3
200   2  300  4  1  per_coordinate  256  0.0036   3.593  10   -0.001   0.420      3     2     3     8  3.1e-07    0.2   18.6
200   2  300  4  5  per_coordinate  256  0.0036   3.593  10   -0.001   0.420      3     2     4     8  3.1e-07    0.4   18.9
200   2  300  4  1  per_coordinate  256  0.0064   3.626   3    0.000   0.009      4     2     4     2  1.6e-07    0.4   15.6
200   2  300  4  5  per_coordinate  256  0.0064   3.626   3    0.000   0.009      2     2     2     2  1.6e-07    0.4   16.6

moyennes par (bruit, d, k) : ARI empirique contre ARI spectral
bruit            d   k  cas  ARI_emp  ARI_spe  ecart
none              2   1    3    1.000    0.667  -0.333
none              2   5    3    0.914    0.667  -0.248
none             10   1    3    1.000    0.997  -0.003
none             10   5    3    0.914    0.997  +0.083
none             50   1    3    1.000    0.997  -0.003
none             50   5    3    0.914    0.997  +0.083
none            200   1    3    1.000    1.000  +0.000
none            200   5    3    0.914    1.000  +0.086
per_coordinate    2   1    3    1.000    0.667  -0.333
per_coordinate    2   5    3    0.914    0.667  -0.248
per_coordinate   10   1    3    0.907    0.997  +0.090
per_coordinate   10   5    3    0.105    0.997  +0.892
per_coordinate   50   1    3    0.166    0.994  +0.828
per_coordinate   50   5    3    0.000    0.994  +0.994
per_coordinate  200   1    3   -0.000    0.362  +0.362
per_coordinate  200   5    3   -0.000    0.362  +0.362
